,Product_id,Selling_Price
0,SCHE4YSTDVPVZVXW,3291.6338
1,ACCEGCATKHNRXUHW,1807.1533
2,NKCE6GJ5XVJDXNNZ,11921.173
3,NKCEB8BK3ZXDHDHM,9488.348
4,TOPEFDXSAHRNPF94,5699.2393
5,ACCE558KZHEPZYMG,9352.494
6,ACCEAZCVAMFHDPY7,5108.4272
7,NKCDYNY37JPBGBVM,2683.0586
8,NKCEY8KWY33FCUYD,7532.2007
9,RNGE4YPTQYRECV9J,4646.425
10,NKCE88AHBHJZREXH,4190.4077
11,CLTEJ5ZZGBP4JGGE,8045.759
12,WATE3NWH5FZWAMDA,8182.9917
13,CAGE53FSFZVFPFHQ,1871.6719
14,PCSEAKVBFFPGCHNZ,3581.9705
15,WATDFFH3KJYBTYGG,7279.8203
16,NKCDWHFQSCHHYZMP,2759.5193
17,RNGEB2PG3Q5RKDW6,3617.2544
18,NKCE5UY9HHPZGGUZ,4457.2163
19,KTAEHETW3ZCMFMJR,4156.3228
20,BRAEBBYRVF9MHJHU,7701.0146
21,NKCEAX7HAQ2RJA3Q,10597.292
22,CRTECN2RQZWBSP9W,5005.8623
23,WATDEWZ9UHSEHGZG,9637.477
24,PTPEYW8HNV6G9YYR,2913.185
25,ACCEAMGZRRYVAHDC,5061.7573
26,SRTEHHXG8MUXTGPA,6211.7876
27,SKIE4S4NN4MHYM3Z,4917.344
28,HMBE7G34YHWPWKYN,7465.0615
29,LLIEGTMFJBD7ZZZM,13627.69
30,ACCEJGH6JVTM4CBH,880.9909
31,ACCDQDYBXJ9HZF37,10118.629
32,RNGE88FRGZCXNKUG,540.95105
33,NKCE7M3QNNPZDXHQ,10680.492
34,VLBEGFFDP9H6WG2T,3282.7456
35,TOPEAFG4YEQSH5TT,2705.0745
36,WATEYAP3K2QQQWDH,5454.1333
37,PCSEBDFUFJWGARNX,10913.126
38,SWTEGXQFZY95SKG7,4903.272
39,BRAEGJFXSM9ZQ6SK,7193.722
40,CAGE6FYKP34GA4GF,7530.47
41,HMBEJCMH78VJF3M8,4337.936
42,HIFEB7J3GSTVN5XJ,10579.617
43,PBXE6ZHNGZREWWHR,3886.519
44,PCSEAKVBNXFGZBKB,6699.461
45,BRAEBBMQQNZ9RZWR,5983.0137
46,ACCEGKFCXHZZH44S,794.2602
47,SHODXQRRGKZ74U9M,4382.241
48,DREE2Y6DVEKVVQQS,4355.527
49,PBXE8ZHHG5Y525BT,6861.219
50,CTTEH9FXZHGFKUA3,8082.4966
51,ACCDXFZXGQTBTM6N,3561.3103
52,NKCE9PFF3TT4KSQJ,7695.899
53,BRAE6NZAZK77HXZK,895.1705
54,NKCE4TV42BHDP63U,3401.0251
55,AIREDGGD9RJPZGYW,5684.889
56,PCSEDAPMHR2HNHWP,8447.016
57,PACE95FMAFXHZB5C,4587.5054
58,WATDG4KP445AV5XC,12946.087
59,ACCE9EYRRNZYZUBG,632.4757
60,ACCE8XZMAHNC8JVS,736.7006
61,SHOED5DCSTQKZCGF,3813.835
62,NKCE64Z4NGBHNAY7,3640.9983
63,PBXE8WQTZ5GA2YYQ,980.0611
64,MUGEGZUMGYAPVSZH,4675.661
65,PBXE4RB3Y3GXWPFV,610.1662
66,PCSE2ZFDJJGFNHC7,860.226
67,CRTECN2QT5HKHZ8F,4848.501
68,MUGEACY8Q7ZYSTN8,1428.4719
69,ACCEGG9VGRMQGHRD,7249.052
70,PCSE76X48PVSDDVK,970.9664
71,PBXE6677X2D6UFZZ,5816.953
72,WCKEGGGD2TXHHTJC,265.56946
73,NKCE7MMGF4PPGNA6,2906.1897
74,CRTECN2QYTPHK5YQ,4943.454
75,OIDEJFCWMMR6JQBE,5642.5957
76,WATE5HFY4MJX6CHD,5504.302
77,DREE4FC4TAR8M5GN,1440.6526
78,HACEGPF9DZVUZBFY,8533.458
79,PBXE4Q7YF5KUYJYW,11666.717
80,SHIED9YEH65NSA8N,10453.405
81,WATDHMQJ68MVBRFV,13771.531
82,HMBEGWTFEV4TF2RH,3201.1003
83,SHIE2FH7YTVDHFGT,3061.8245
84,CRTECN2QYRY2KWZF,4242.508
85,TSHEDJXPN4HNT2UP,6126.5713
86,SHOECZH5WGBZHZES,2688.5583
87,NKCEDCT9MSAYG6H5,5464.1626
88,SOCEGGVYBTZPKXVP,4542.7515
89,PBXECARAQBCDSAZW,3379.3672
90,CAGDU85YDHP9ZJH7,2438.2715
91,TCVEHSMFEGNCAGYN,4988.01
92,RNGEDAPFZ2GKRUER,621.786
93,CAGDY9Q7HSNDHGFC,3320.9658
94,NKCECKHYZVHBQU9F,638.21704
95,NKCDQSVCRH8W73GF,6595.778
96,WATD9H76RKGUUZHY,13650.99
97,NKCE5HYVDQVATMKF,1966.9202
98,RNGE9GWMKVHGEYZG,4246.4756
99,SHOEAGUMMWFABHUT,3243.5547
100,SWDEGZMPYQGNEBHG,4877.477
101,TOPEFDXSHZPHCUAU,9691.367
102,CAGDU85Y85GDJGUD,996.5094
103,CAGE4BQXK3FSTRRS,3313.906
104,CAGDZVGTV3SMMMBY,5272.5327
105,BEOEGXRVQPCKJHYC,3399.0046
106,NKCE9YFBBYBM88DR,3272.233
107,DREECZGZVWGQM23M,4190.233
108,PBXECYF3YHWYG4UN,288.22693
109,WATEBG8FGBPUPKCV,5107.2007
110,SHIEEJG9RRDUH9XG,3196.418
111,CRTECN2QXAPEWXSF,2642.2214
112,BRAEE6YMSYPNCUX3,1646.471
113,WATE9MVXJXHZHEJU,3378.7595
114,RNGDREYRQQGZAPQM,5727.303
115,CTPEGGFSNDQFAAVE,3591.0
116,NKCEF2RFAPHSHZZZ,3847.9587
117,TOPDYAZZG5NU7ZBZ,7268.9897
118,PBXE7QPWMSS5XGPZ,239.0526
119,PCSECV3FHFAQ9T36,9821.212
120,CRNEJB4NBT9BTM84,5225.3037
121,TSHEHU5RFJCTJKBV,7227.7515
122,DREECZJC3XBKGDZT,5282.7725
123,SUDEGGATGYXA9YBC,12484.4795
124,BRAE8WYHTVZMFFHS,5930.6333
125,SFFEGZBXTYFSYJQA,4181.0645
126,ACCEABVYXNHCT8UE,5460.2817
127,BWLE6SJE9PXGV6DD,950.8396
128,NKCDYQ3RHYREHHYV,3742.4937
129,NKCECDCRWDMZEH2Z,2911.2148
130,SRTEH2F6HUZMQ6SJ,7323.7905
131,BRAE6KWFGZFXKPPB,3440.3218
132,HACEJQY5FQRZZUGM,8458.464
133,CAGEYUXVF2FNARKD,3133.3513
134,NKCE7M3QTHTCGVVF,4216.693
135,TOPE8PBFNH9YNHFK,5118.749
136,BRAEDQFRZS9QFYTQ,1301.0887
137,HMBEJCMMQR2JHFVP,1972.1165
138,ACCDRFVG52PHVRSK,7533.3765
139,NKCE7MBR4QRBASDQ,3238.9597
140,NKCDWBPZNZU5K2QZ,3235.6711
141,BRAE8HMQATXFHFGZ,3338.3242
142,MUGEAGGKEGCPWWPN,3361.0774
143,BKPEGXYWWJPETZZA,5132.821
144,SGLEGBV6ZNUJNJS9,5989.018
145,CAGEYUXVAKNKDUUV,6391.999
146,NKCEDH9ANZGDAUWG,3011.5435
147,NKCE5EHJHS38BUWB,3501.6611
148,PBXE9YWGRFUQXHQH,12862.181
149,SHIE3QDHP5RDGMZY,2705.5022
150,RNGE9HDVMPVBYPGJ,3410.258
151,SCHE4YSTCUUSJWCK,2032.3893
152,SNDEGGTV9XERMGHH,7107.1807
153,PBXE92XFUMB7QWY6,8607.686
154,CRTECN2QYK2R2PUS,4120.744
155,TOPEEEPVYHHF9HGW,3493.8525
156,MUGE8F5RDEYMH4YH,4029.5034
157,NKCE52CSJ2GUY64G,1365.8682
158,SHOE2K68QHZ3DWZF,4055.6763
159,DREE9YJHZZHWHAU7,3994.5198
160,NKCEACYSHS4MGKGY,12857.353
161,CAGECT64KH6CZVMR,14455.969
162,WATD9H76RG5FQT5Y,15807.226
163,NKCE5UY97ACC9QAZ,399.80396
164,LJGEG6UPBW8GKPRD,3437.9724
165,PBXEBFGFRM5797BZ,4653.2397
166,RNGEAY8GRWYMYSAK,5033.77
167,SHOEF9G8WTWGAAFB,3676.4854
168,PBXE5ZJZSAC73ZED,8846.381
169,NKCEYYX9HJWJXAA8,3522.204
170,CAGDTFSHTF6TRBFZ,4434.314
171,PBXE6E6YDZDNVKQH,685.67236
172,TROEGNQDQNGN99PJ,4403.0996
173,CRTECN2QXC68CTUM,6608.115
174,CRTECN2QZNXTGGXG,5451.2383
175,VANE4VND2XHZRCNT,944.47845
176,NKCE8SESMHF2VSRM,3927.8184
177,SHOEBYY4ZDWGQGEW,7785.6606
178,NKCEB7935AJSADGR,3974.9126
179,SHIEBAXYS3FUTX8Z,6370.189
180,NKCE2YCPKAPWDH8C,2910.7783
181,FABE92NVHZHSFHGT,3421.3674
182,SHIE93YGTRAV6XTW,5719.8066
183,CSOEGTPR39XZHZJY,4906.1367
184,WATE5HFYHPFHRCHY,5129.2764
185,BRAEBHCHY6VVRNRQ,1868.8497
186,NKCE5QPMUZRQFDAZ,1836.1376
187,NKCE9ABEE5HDWZSM,5936.9316
188,SHOEJCZ28JFRY9RR,5755.8354
189,PSLEAVTQQXEXZYYZ,4805.154
190,SHOE66V8UMNGZKYM,1028.5348
191,SHIE5HBGWKWJWFRA,3693.2625
192,TOPE4HXDZHPR9K2C,1722.6616
193,BRAEBCTWGWYRWXHC,5589.0664
194,TOPE6ZCJBVZY3HBH,4734.6543
195,CRNEG7BKMFFYHQ8Z,4876.5625
196,SHOE7DJBEPYGQPHF,3893.429
197,ACCEHY86UG6B63AZ,4810.499
198,BLBEJR23J2CTPFAU,5939.1914
199,ACCEEV5V5VD5DR9C,484.90204
200,UMBEJZFHE285UEV2,6231.912
201,SHOEBN3FFYG75P3D,3217.1575
202,NKCEFGFURYNWH2DR,3953.071
203,ETHEJG7NW4M4AFCZ,6990.5435
204,SWSE9UH4KXCHZHRJ,3513.1545
205,CRTECN2QZ7XUGBR6,4214.359
206,BRAEDNX2NHZX5PKN,9293.371
207,BRAE73KFJGNSP2NP,1992.8251
208,MAHEDFPZVKF79JVQ,3846.1626
209,NKCECRQY6MGHBPQ3,8791.77
210,CRTECN2QYYWUXHRP,3138.1086
211,CPCEKY4TKBYFE7PH,5689.05
212,TOPEA8HNSZB8VGUR,2482.8752
213,TOPECJZ4ZDXQZB4A,5242.077
214,SHIE92XGJHG4HH5E,6120.7134
215,CRTECN2QVSZXUG7X,4960.3813
216,BRAEBBYRUSRHZD34,7407.106
217,IFPEE76BG92E5SVS,5831.5815
218,CAGEBZ7UGCZZHVTE,193.75357
219,CAGE3GFTPMNXPZAG,775.6615
220,SWTEDX3KRCTNHUGY,6110.3867
221,BBAEFKXVXVM8SYZW,7038.2363
222,PENEGZ6RHFWHX7JX,1468.1161
223,ETHEGFZFQT7ZCH3U,2982.4329
224,TOPEE2FFAXQGSUZH,5404.638
225,CRTECN2QWAGCHYGC,3821.3445
226,SNDEJGWQSWNHXXA3,11528.076
227,BHGEGTAVKNNCPUGG,13105.025
228,BBAEGNUNHHZEYSPD,577.14575
229,NKCEANMPZYMHYEA3,703.2831
230,RNGE88Q9FH632SHU,1150.8523
231,SNDE7PY9TG8P7YYR,889.0623
232,SNDEHZQ7YZAHAZYP,4750.091
233,CRTECN2RDAKXQHYH,3611.7288
234,SNDEAVZ4MSGYFBUD,1554.6151
235,RTRDWBPC23ZAYMSE,10590.496
236,PCSDYQEW5ZMFBVFQ,11227.381
237,DREECZJBH8KGCZHT,8574.052
238,CAGED654SQMMADH7,2030.4808
239,MFLEYGFH8PFBVRDG,4932.2866
240,SHIEBWNUURZ8BWDZ,4301.397
241,BRAECTFYXKNAVFAN,5843.709
242,BRAECBVGHCB2FN49,4859.8804
243,SHOEHX7CGSEMUENU,2606.1035
244,CRTEB774NHSDW3DV,2189.8535
245,VLBEGZ7SZFZBUGBZ,5952.14
246,BRAEGJFXGYFPGHYG,4649.0347
247,ACCEGKG4S4B7QGGT,1904.2039
248,BBAECKHYXGE3VJXB,1861.1476
249,BBAEDVYSEN75YZZ7,6280.0938
250,RTRDYZCGGJFBU6XM,3364.7722
251,CAGEBTJBB5X8GCF8,752.20776
252,HLUEJQ3UVGNXSPZG,7852.3325
253,NKCE8RB5WSWKJPFR,3818.5525
254,BRAEDFYYKNGBGPF3,6540.8384
255,SHIE2CAJP6XBWPU2,3881.8833
256,SHOE2GUJW6XNFG3W,566.55945
257,TWCEJFXHGDSG5XZV,6963.556
258,NKCE9Z2JYUYZ2JZ3,10443.491
259,WATE54YZWYXR6Z7J,2427.232
260,SWTEEYFFFRWGKZR5,5521.619
261,NKCE6NHRGQJHWFDK,4955.577
262,NKCEYM3B6ZP3YSQQ,3668.329
263,PAEE8AHWJWMDAXZU,7748.943
264,RTRDZK8XCUEKZDFZ,689.89026
265,TOPEHZMHJHEMRDHY,3123.162
266,NKCE9AZMPE3PJPEW,707.95166
267,BRAEAR7WUYD3CZAT,2705.8503
268,BRAEG7AYZAQBS3EH,6292.6987
269,BRAEDQEEYYH4WRQK,4784.8716
270,BRAE4F8NCQJFTGEZ,5515.4077
271,MUGEACY87HUCUYCD,3781.0952
272,BOTEDSEN9ZSFUUAQ,559.3845
273,WATE3GEYE8JQT7WM,5937.3364
274,TOPEB96CYHMPMDKH,2593.571
275,NKCE5QGT7GFDSUZK,1792.2759
276,VESEGZRVWZEYTVMG,6992.9
277,SCHE4YSTHJSYEJHJ,2940.1938
278,KLSEGT5ZUGR9FQXE,6301.9556
279,NKCE79CGHYMSS7GH,3285.9954
280,JEAE8CZGJ8PGGHRQ,862.1614
281,SHOEC8QGWFF2VXAN,2891.5396
282,SHIE6G75RNDQSGUQ,1965.7115
283,SHODZ5YHTEHZTR3V,4163.1484
284,ACCEKFVVZJMTYWPK,3930.3418
285,DRPEHGFFGQTXK3E3,2958.5144
286,CRGE4XJBHZGHJYGU,7151.3228
287,NKCE9Q93F3HJYGZT,280.4734
288,SNDEGJFV5J8CTGJV,8038.542
289,SUDEHYGUMT6UGYAR,3379.9338
290,RNGE7M92HQECSUYG,6779.541
291,TOPE7ZHYDE2MKNHF,4125.2217
292,NKCEBHGBEABMWDKA,5423.13
293,PACE7ZNHBP4FASAQ,2778.8433
294,NKCE7A3XXTTBHHC6,3956.3567
295,WCKE2TFYTHBHTP5B,5123.407
296,BRAEDTPDZSCRZCYG,5643.812
297,SHOEBKEYSKS87GKG,3803.9045
298,CAGDUGFYGG2KWWK7,10874.931
299,SHODZDAE6FKCC8AH,606.6706
300,SGLEGBV5STVHGKTD,5609.741
301,RTREBVK9HX8XJH2T,319.03714
302,PCSEAKVBGC7CJQZT,10533.3955
303,MATEB88T7MVJGSG5,5626.9893
304,WATDJYPXKHPPNGQK,7524.1646
305,BRAE8QNFFGWGG5MY,1745.1014
306,NKCDWBPZZSYWKHE9,2010.6401
307,USGEJPQHT8YPZ7D8,3075.0122
308,NKCEFKBYHXQ8VVF8,423.4834
309,SHOE4JCEZDRSHC4S,3186.545
310,ACCE9E2RT56M3GSU,4483.349
311,CRTECN2QXQGJ7JZD,3712.1924
312,TOPEBS26V3JRYSF3,728.2982
313,NKCECZNMRRVZ9YWF,209.82526
314,CAGE75QCGVXYV78T,2839.8071
315,WATDG9F74GYWEH4U,1883.2655
316,BRAE3WVQPYSZ54FF,6947.2285
317,SWSEBHCP9JC4GQKT,4494.151
318,MUGEBJ7XAFVH25VD,2133.4683
319,LJGEATZRDCFAJGYZ,5707.425
320,BRAEBXRB8GFZ6HM6,4461.003
321,RNGEDAPFZWSSMHYW,1103.3824
322,DREEHFABXP5AUZA8,5347.9473
323,RTRDFFYGJ4GNRSHQ,9336.922
324,CBREFYM9TSSUHJSQ,2779.8997
325,PBXE6EF4PSJX9WXH,3667.8347
326,CRTEHSS9UZJZYMZD,311.7899
327,DRPEHYHG9YYHD2HH,4485.2725
328,CAGE9AGR4VWWTDY4,7632.3125
329,AVCEJCJQWBYMNPGU,2081.2554
330,BRAE7T3WADAJU4ZS,1811.0371
331,TPYEGGUFSKXJFYY5,6971.9727
332,SUDEHYGU4GE9UCXJ,5753.6543
333,FABEB2TXH4MGQC2H,5084.482
334,NKCE9G2BZAGKXPGY,4445.606
335,TOPE8H5DJWGAY2CD,9623.051
336,BBAEGGF3HF3ZPBVG,1694.9468
337,ACCEC87TREZYJJPE,6553.747
338,DRPEHYHMEZHDYRK5,3828.5667
339,NKCE5VAAPVP5DGMZ,481.12418
340,NKCEBZN92EJ7PDFH,3172.8975
341,ACCDXFPYT58AGGAF,7330.556
342,MUGEGZUHX744RFEN,5780.476
343,RNGE8Z3KSHGCMSCP,3038.8418
344,SHIEYZ3F3QWMYNEC,3165.3848
345,SHOEJCZ2JNGJSPEJ,8049.69
346,CRTEB774RSGGQZ9U,3561.9602
347,BRAE8AJZW5QBNWAZ,2253.0913
348,CRTECN2QZ8CWZEFZ,5723.0674
349,SHIE9FMZAH4U4H6Z,419.41373
350,CAGE68FFYRMDRF3X,9116.539
351,NKCE3GNVPGUYY8AZ,3224.7288
352,PCSE4ZQ8TRUZDMEU,1314.6965
353,PACEC89YGNYZCMC4,1469.1956
354,NKCE9YX24KHRDNHG,3144.8882
355,FABE88MGUBPCQWR8,2429.2834
356,ACCEH74HAGTY6W8P,570.06116
357,NKCECGVARVRMARSS,6314.898
358,CRTECN2QZXFVEPGG,4239.494
359,NKCEC8AZQUFGUXGH,2090.2808
360,SHOED6C5ZGCBKTP2,2769.3672
361,RTRD7HN3BBE7G9YT,3548.7583
362,ACCEA8JPDNTF7NZN,1088.051
363,NKCEBHGBAFBCXXYC,995.14355
364,PCSEC86VGEWVKHWZ,13657.913
365,SHOE3URGYEVZ55GD,3043.1748
366,NKCE9PFFQHU7GTU7,9828.156
367,CRTECN2RCH9CG4SA,5917.279
368,TSHEHU5RWUGEAJFE,5397.8706
369,PBXE92G5YEA7JAHZ,5059.801
370,ACCE8XUCYRB9ATHZ,4407.341
371,CRTECN2QWEDYMDNQ,702.7173
372,PTPEYCF7GZU2T54E,2360.7131
373,SHOEC9FZ3BAF7ASF,4107.4736
374,CAGE7DSFQGVEGHC8,6179.7393
375,SHODUMFYWTPDYNX6,5067.8174
376,ACCE6P3BBZD72UJ6,798.5774
377,NKCEFG3CHGEHMRTD,3144.3674
378,RNGEDAKBYYVCFWZP,7642.364
379,TROEGZ65YHBQKG9T,5539.003
380,BRAEDSKCXVNYXGA6,1719.0325
381,NKCE9ZVGMHZVTF2D,4609.158
382,WATDUKHHH4SQXDAK,5328.8105
383,CAGE745BJ67RZCRR,2426.7478
384,PCSEAKVBNSFWGBGE,1183.3219
385,TSHEHV9TPRUBUENE,4570.291
386,SHOEY8RMVZV3UY3A,3874.8083
387,TOPEGWUTW6GWYSBE,2153.3855
388,ACCDQDYBYVQZNHCH,8825.291
389,MUGEBFGF6MDQGHBG,4080.6208
390,CAGE6HHHUHFQSAPW,491.67203
391,RNGE7GVYAP66GRDD,4239.5845
392,PBXE5SUCYEBBSFXJ,10612.553
393,BRAEBBMQZBZHCFAJ,4330.712
394,BRAEAC839PBQV9KF,1141.3246
395,BRAEAW9HT2EUZD3X,1938.6958
396,SHIE2QTSMSXF9QAH,3835.7957
397,RTRD6FYYWFHEYJYE,5186.782
398,CAGEFPY9ZSFFNVAW,9780.254
399,ACCEGKTSGJEEVTZ4,963.9187
400,AIREDJCGZN2HKZHJ,3125.9094
401,BRAEA5MZ8VZHNGGH,7774.7075
402,CRTECN2QX53WHTKZ,2899.2532
403,JWSEBCY4HDWGJZBT,1598.4175
404,BRAEB2ZTVYY3UKWA,1878.7069
405,WATDZMBRPYAYTP4G,7300.494
406,TOPE7WAUFEYYDXKG,10212.794
407,TSHE4DTF53HPYMU4,4127.977
408,BLAEE3YXZGWWT8UD,6367.1323
409,RNGE7M925YCWZZRR,6818.8096
410,BKPEGXWHXG4GZWET,1330.3704
411,RTRE8GJUFNETVUMZ,5239.798
412,SWTECXPHFVTHWJF7,10974.686
413,SHIECKYBNNY2BNZD,4303.0225
414,WATE7GP3JZMFEGZG,10574.075
415,CAGE68FFHZRTSZS5,4235.933
416,ACCEGYP2TMX2NUPH,5742.5986
417,NKCE9YFBBNJ82UVB,4040.9436
418,HMBDRUCNJSJQRRGC,6530.166
419,CAGE3GFTQ3UHZ4TC,966.67676
420,NKCDTAXF2EYZ7MP8,3042.2244
421,LJGEYSUNTPQZG4ZG,897.36304
422,TOPEGF4KEGGVMSXX,5347.527
423,TSHECQKNFFER2ERM,3781.4536
424,PBXE9YWGTS7NGYKT,2170.6936
425,WATDZ5HGXEYDHBWD,12847.741
426,PRCDVFAFM2FPJBMZ,1776.7979
427,PTPE2F33QGYXMHGW,4034.6284
428,KRTEJCZ4M7FD3NJS,2671.6511
429,NKCEAPCYFBP4UJ3V,3100.6409
430,CAGEBTJBRFGAUQQB,5213.61
431,MUGEAGGKZFYBUMP9,2583.9766
432,ACCEAZCVGGGWZGKU,800.4752
433,CRTECN2QVV7UJQNH,4965.557
434,NKCDXEGWS7VWXSEJ,2908.3594
435,NKCDY44FMPNQHFFN,2885.986
436,NKCE8JXS2AAKUGGD,3731.4163
437,RNGE88FRWWZECGGM,6915.657
438,BRAE7GU9K3E2PWGC,405.11328
439,VASEHU9W3N9RDPGZ,7378.403
440,PCSEC86VSX45XVZS,12015.583
441,NKCE49ATF8BFHDVP,1459.096
442,KTAEHETVCXXZRXGK,10815.043
443,KTAEHE9HAED4VUQB,5548.5083
444,PACE472CMNPGQY2W,2666.7708
445,NKCEAPCYFTHYVARD,442.38577
446,SHODPH4GZWVXE5RB,1054.5376
447,BRAEB3KBY393GUHA,10522.318
448,BRAEB2S8RZZRXMT3,2303.926
449,PCSEAH5WWRYGEVGZ,7267.875
450,NKCEAVZ3C9CRDB6Z,328.26538
451,RTRDZTF9URF2UFPF,9367.893
452,CAGE6HYJDNZJVADS,4563.08
453,SWSEBHCPZGHMBKJY,3784.6692
454,ACCDQGVSDZ92ZWGW,3044.6072
455,NKCE4CSZUZWHUTFS,460.61304
456,ACCEGKFHRFGN6XZB,684.1104
457,BRAECGQ4GW73HJFV,968.9428
458,CRTECN2QXZ9ETCGB,3689.9739
459,MUGE6A5HZUJ924WH,2422.626
460,BRAEE6YMK83RB9MZ,895.0163
461,TMLED6G5MJQGNZHS,4650.4297
462,NKCEFGFUZURHNH6R,2913.2861
463,NKCE7ZPRQX9SBZXN,2398.847
464,VANE3KUFUXF2CVHU,5336.821
465,NKCED6EYN4ZPK9AA,8067.159
466,RNGEDF5HDGKZGA3T,1059.4861
467,ACCEAZCVVFPBJAGB,1067.7905
468,PBXEDCSE8CHTATYY,4509.8906
469,TOPEFYB6HRPPCD8R,6857.5225
470,RTRDTSBQW94HJ8VT,220.44846
471,NKCEYGTGJ65HSJ9Y,2229.0632
472,NKCEFFFPGEJSTBJP,464.06973
473,NKCDYASFYGXZESTM,3264.0664
474,NKCE6SR4H3EHXWNA,3767.663
475,AUDCY8T7KPEG3ZZF,6046.705
476,NKCDWBPZCHZEYT7S,3638.0688
477,NKCDYARBFFBQYKFH,3759.4456
478,TOPEBZYTWUYMJXSG,5151.4385
479,DRPEG3ZH7GJFFZDM,6477.0645
480,SNDE6KNAQN3GFRQG,7465.6284
481,WFCEHYZMGJQWVVZU,5542.4487
482,ACCEGZ6BRBTGQWZY,3984.2659
483,CRTECN2QXH4N9WZS,2778.5996
484,PTPDZYCEDURXTYRF,2028.4619
485,ARPEEMC95HMYAJNH,5465.984
486,SFFEGKYYDWTZTEQC,4316.4604
487,PCSEC86VCFQYV6QG,6179.1577
488,BCHEHYMBZQ8ABUUY,1632.972
489,RNGE87FCQJ9GRKWZ,4906.8125
490,NKCE5ZHWX6Z8PBFH,1557.2406
491,BRFEJYHNGYSX9T9D,3328.6375
492,TOPE7ZHYQFFHPCBX,4759.2915
493,CAGED6YFBH8NZQM8,671.86096
494,STREDF58JH3GQZF9,2680.1497
495,BRAEA5MZDQKHUQCT,3374.016
496,MUGEBFGF6ZUHKH4C,779.63666
497,CRTECYY4GFDJFKBD,4632.861
498,WATDZRZGZAM7HDGV,6408.118
499,CRTEHSSCVTZ3DB72,1221.6383
500,NKCDXZGUZKNYVXG9,12160.8545
501,TOPEBN6MZNGGZEMY,10956.412
502,MUGEACY8VQRMM4FX,2309.0117
503,NKCE5UY9HQTQ8TBG,7712.1606
504,SCHE4ZYTVE8DY5PP,3470.9392
505,RNGE9GWPJH9MMNWX,5809.1597
506,CAGE8FG3CYVFG2GM,2660.9446
507,SHIEHXZMQPC4GT6F,951.155
508,ACBEHDU9Z9DGZP9Z,5430.691
509,BRAE6KWFPZWJ2FHH,2056.5977
510,TSHE8CAWEGE3CUPM,3762.222
511,SHIE9J6PFGP9DZAH,4110.27
512,CAGEYFZWNCKDDXXQ,1189.5454
513,JCKEEABZDWF9VU7N,6971.6846
514,SOPEJ7SCRS3SKFGP,4159.5186
515,WATE9MVXHMTCFZSP,722.0198
516,CRTECN2QXMXFUYRD,1432.6534
517,RNGE96Y49HCWGUGH,1002.2089
518,BRAE9RDQYNWZBYJF,2075.0576
519,RTRECFHX3TDFD9SP,8234.874
520,BRAE59YTMB36ZVFG,8063.67
521,ACCEGZ6B9MYUTYST,6418.349
522,SHIEF8DUHZJP8MVC,818.04083
523,LJGEG52SCZ5WZBKZ,4600.492
524,SHTECN9HDECRYPF8,6791.9526
525,CSKEH3JPF4EJVBSF,6682.9775
526,BRAEBBYRYT9WDJRQ,941.8995
527,SFFEGGJYFJWAV4HV,3856.7617
528,CBKEHGUY3GEHDSFY,5661.205
529,NKCE73V3DADAVHDU,4029.0852
530,TOPEGF6QDCGCHHXY,979.3779
531,RNGE3YSWFWYYHNCA,5754.0527
532,NKCE8HSQJQBPRSGY,6350.468
533,CAGDU9C3QVCBMQKQ,3407.4321
534,BRAEDQDFMNC6MQZW,1192.0764
535,SHOECB92BGNGSZGZ,670.5404
536,DREEAVBXKQUUVJUT,3524.8218
537,WCKE2TFYZGPGDGGV,4375.985
538,CAGE9AGRUGPHV5FM,6794.141
539,BRAEBB6TT8GKVG8A,2273.53
540,CRTECN2QUCSMF4SX,2824.952
541,BCHEHYUKDZZPZBH2,2316.3147
542,BRAE8JUHJB794RZY,7340.5854
543,BRAE4DJMZCWYGDJU,5189.892
544,GLSEJGVBRQMYV7NE,6729.9927
545,NKCE9Q93HRESPRBU,5736.4214
546,NKCECATQF8ZXGXJS,489.80948
547,ETHEJG7NHGRFGHHK,10817.621
548,NKCEASCZBAEB2Y63,2597.866
549,ACCDSY8ERUYRYSUA,1268.6393
550,BRAEDH76V3J4FBWQ,6512.332
551,HACEGPF9FJFJQU2R,810.1633
552,ACCEGBTPV5PPBHVD,6087.694
553,PCSEAH5WCDGS8YCZ,2689.6516
554,RTRDRUZCPNJ3MTAT,603.2645
555,PBXE68H4WBX5AFCH,3164.5933
556,RNGEHFDYHVSR3SMH,3188.209
557,DREEDR97ZHGNPWFR,5620.4126
558,NKCE9ZGXGSETFAZU,2949.0605
559,SWDEGU4MDSDGGJHN,1120.6697
560,PCSE3X2TJCZGDYYZ,16578.422
561,MUGEACY86QBJGTZA,4257.525
562,CRTECN2QXC7HYKPG,8537.666
563,NKCDTAXFXWPKGZAN,495.39804
564,USGE9ZHVSVH9FVHP,1015.1981
565,TROEHQYAHGHUEXXZ,6057.5454
566,NKCED8SK6UNMAZST,6905.788
567,TUNE8XCD5NGNPDYJ,1137.9689
568,KRTE7X8NADSVDEET,7613.4336
569,FABE789N7XA5E9GY,3838.5708
570,IRNEGYYU2ZVJQQ5T,4293.9893
571,ACCEH5Z2YUKYQBFP,4325.965
572,FABEADKAG5XYGZHK,2916.3772
573,BRAEDSGAUHAZHBY5,5880.3276
574,CSKEH3JPCEGTMZFP,4076.742
575,SUDEGVG6YTPMYPU4,2082.3596
576,NKCE48ZU6EAYFSCM,2217.3535
577,SNDEDFE6QPNQRAXF,9266.049
578,SFFEGP24CR5VDNZC,7330.5737
579,TOPEGGE5GRFUTGGB,8681.42
580,EMLEGMZRZGDARGR8,3995.3186
581,CRTECN2QVPG3DY7K,2826.979
582,MUGE8VY8HZAM3ZRK,800.08124
583,SNDEGAJFFK2KKKRF,4285.8867
584,BRAEDASWQDSYNUV3,7539.036
585,PCSDY5AHM2SEJM4K,5677.575
586,NKCECG6ZNH9NXFFH,4066.8623
587,WATECE855W5YFE3H,2916.1558
588,SHODWMHHCXTD47NQ,5447.121
589,CRTECN2QYCZPHYHH,2883.8093
590,GOGEHZ5P6TWYBFXB,2504.9124
591,TCVEHSMY2TNTCKNC,7774.211
592,SFFEH2FGABYNF47W,5187.1377
593,MUGEAGGKZFD7ME7F,1612.5831
594,TOPE7QTUGVGEFKH6,3603.2761
595,TSHE4S26ZSFE9JTB,3285.7454
596,MUGEGZUJBNU4Y2CH,590.03046
597,WATDUNJ7PGYUWDGQ,8430.931
598,NKCEAJKYW5CDKBEV,9435.609
599,PACDZUDMCHKDHGXA,3387.415
600,BRAE8TFHGXKFFMAQ,1647.5862
601,NKCE87C3JAXKXZRJ,2925.971
602,NKCECQYZ24MSM3ZZ,3682.2544
603,SNDECZJR6APCXEZ4,11291.03
604,TOPED9T3FXS8CP8M,5773.9634
605,ECIEF7MGVGZAZMGG,5014.5596
606,SHIE7DFNYZC6YWTT,590.931
607,SUDEJFBRVYEUZUDH,2964.25
608,MNKEYGQMJHGZ4ZRX,2073.702
609,BRAE8MVUMSMBMNJS,3515.154
610,NKCEBBYSAJKEEQ8K,2921.177
611,SNDE9WZJJ8YXWU5Q,8840.718
612,CRTECN2QSXEHJHR5,4025.0312
613,BRAE9TBZWWACJHJ8,2921.7004
614,SHIE9FMP3RBSYMEV,6531.12
615,DREE4DF4DQYMGDJV,5180.976
616,NKCECZKQGZXVZ2RY,10158.987
617,DRPEHYHKYSXETBBJ,3846.1533
618,LJGE9UG8WCYXPCHA,4500.6816
619,GLSEHFUGQRHPBV8D,780.87976
620,TOPE954FERN5VZYH,5035.8823
621,TOPE7JZU5WZZVYDT,8568.55
622,JWSECGFU8YKHTSMU,3967.571
623,RTREF3PRF3M9FMEF,3665.8984
624,PTPEAT32HSGZFHVY,3378.965
625,TSHEHU5RQSZZHSKF,6065.5884
626,NKCE2RPCN6RCTGDG,6254.425
627,ACCE45UGGC7GVAVG,6353.6436
628,WATEBFPXFYMWJGJZ,8732.014
629,DRPEFZDBMRGECGZG,5439.8623
630,TOPE2HZRFKVVTCKU,4335.941
631,CRTECN2QYKFNFXCZ,2157.9119
632,PCSEC86VEVSKD5ZY,1838.562
633,SGLE8YSWHJAGP3WJ,9553.999
634,RNGE88Q9HE9RQYEM,9054.483
635,CRTEA7HAFUMPQNHJ,4578.53
636,TUNEB42QBZHYP57B,2204.4316
637,MTYEGUA2VUJ9UDGX,10826.796
638,PAEE8NDKHJ7ERAPT,6998.2417
639,SCFEHDJKTM826ZRA,4498.272
640,RTRDFFYGKJAXPUUG,564.2431
641,BRAEDQDFGYCZUFEJ,1637.9788
642,WATDK2G2WM5XHF9S,6577.1924
643,BRAE3P8YWVZGNYZH,5360.608
644,BRAEBKJSNVGDG4DP,2866.4617
645,MUGE7DUFGUZDQMTQ,2138.8208
646,BRAE7Y46JXZJHN47,6765.275
647,CRTECN2QVB7UDF2P,2596.746
648,CAGE76FNT9D99PZK,3004.5552
649,MUGEAGGKHFAM4YZG,585.51086
650,DREECRS4EHXNA9UH,4075.539
651,NKCDU4RZC2AFABJV,3036.2756
652,SNDECYHFHV7XHZNN,8149.4077
653,DRPEHYHGSSEPB6HW,4874.9043
654,MUGEGZUHVZ4Y85DV,3511.7815
655,BRAEBBMQYHRSZ5JC,2428.6472
656,NKCEAPCXCP8GZG5Y,2589.0046
657,RNGDWKZN9DSHFHYY,3467.9414
658,PACEB7GGJXVVDZFZ,2038.7819
659,BRAEDQDFSDVTSSWK,2721.1638
660,NKCDWBPZAJH88YAZ,3117.3901
661,NKCEB774SNZGVYW3,594.9501
662,RNGE88FRA9DMA4UZ,3959.2397
663,BDSEJJ6USEQZS3QA,1076.4602
664,MUGE9HRRKMGKHMRT,565.86237
665,NKCEAX7HH7BFTFHF,4020.7634
666,NKCDUYA5PQWDKMBZ,2381.026
667,WATEFWP4V5ZEHZZY,3300.5288
668,BRAE8QNFXPTNHXKB,6896.426
669,NKCDWBPZGZJNYCCS,3584.8464
670,BRAEDZ7TZNFQTXZA,2058.1091
671,CSPEGNS9GZVAGRY7,4910.379
672,NKCE6XU6DA4HYYGN,3611.0884
673,CRTECN2QYMHJKQ3G,290.31903
674,LJGEATZSESZPRQX3,3425.7097
675,CAGEBTGHSVHHWPG6,7904.59
676,SOCEJZT8FMXJ8VHZ,5029.9814
677,FLUEGKG2K93HY9TC,3935.8716
678,SUDEHYGVDNRHYPTW,5652.267
679,NKCECZKQCFGWJ36A,2318.4194
680,TOPEHZNQGZJYYJHE,696.7507
681,NKCECGVBWQWGZUVG,1745.4291
682,BRAEDUXKVAPEV9G6,7343.0225
683,RTRDYYTZSUUNFFUT,575.2922
684,BRAE3WVQZZUJA4JW,5529.846
685,PELEGHQP8GMXYF6V,3299.38
686,NKCE9YFCEG5FXMAH,3924.241
687,TOPDZGV8GUEXZNUT,4717.7446
688,WATDZ5HGRGZG4AFT,8241.342
689,MUGEACY8DDWFGRUA,2142.8252
690,RTRE7FT9VKRGNTRR,7834.8926
691,RNGE7M9279JQH6M2,6383.4966
692,RNGE86J7VJNYBSHZ,3378.2644
693,TOPEHZSMJYWRYH8F,541.7866
694,BLAEE3YX3WETHSZD,6128.469
695,ACCEAZCVEKWMNSEY,1326.2803
696,SHIEB7A6NCNJNZJD,4051.1755
697,WATE2FAHHP3FEYG6,9394.496
698,TOPE9PSGHRKUCXKM,5862.4136
699,MUGEAGGKKDAXEA36,3647.732
700,TOPDX9TF4PYJMX7B,3109.6125
701,SHIE9J6PVG9ZE9M5,3835.6162
702,TOPDZFGCFH8AMJ4B,4770.291
703,RNGEA9ZXDDFHAVMZ,830.84644
704,PLLEHQV78ZFHTE7X,2835.398
705,BRAEDTGQMXYVF7NB,1059.969
706,CRTECN2QVSZP8JDW,406.00006
707,KRTE5PEEG7YAGENZ,11681.361
708,NKCECGVBKYNJGZZQ,4143.015
709,RNGEDAK2KK6VXQQ5,7421.477
710,RTREF3PGZGTGBHT7,6068.7974
711,MUGEYYXFNGQ6A3FP,3811.333
712,SLOEBHYNHETSRBXN,6029.2266
713,ARPEGDHSXZJSHGSN,3389.9
714,NKCECPHGBUZPN2KU,5859.7114
715,VSBEGBH9QBHT2MQF,1125.7518
716,BRAEB2ZTXQQTYTEP,2226.543
717,PANEENEMG9NPM2QQ,834.3188
718,SNDEHZQ7MMN272VX,3895.9333
719,NKCED2ZGYAP3UKJY,6247.438
720,PCSEC86VKYNCPSDK,2065.6719
721,PBXEBYHYS3UXVBE5,4621.169
722,NKCE8ZJ2PXWJQZZX,3054.9775
723,AIREGHYGSZKZYZBB,4169.183
724,HMBEE965MNXMUSFY,6742.4395
725,HAREGG26JVZYCC8B,1809.8107
726,JEAE2KFRBNFZFWE6,3186.2197
727,DIAEJUCFFWRXYACA,5624.7124
728,PCSE76X4U7MFDPUZ,10961.079
729,MUGEGZUHAVWFHSER,5040.872
730,TCVEHSMFHCPGH9QJ,674.88995
731,NKCEFNPJ5M9JZJR7,2231.7976
732,PTGEGUP5KM48MRRW,593.92773
733,KRTECAVZHVTGR2YV,6925.63
734,JWSE9KZTWGWKVYYH,6498.3027
735,PCSE95HXQE744G8Z,4777.7456
736,DREEGZ4CUZH5CATV,4487.2524
737,BRAEDQF7KGNJ2EEW,9124.901
738,PTPE4P39G9SVGHRZ,451.31784
739,NKCE4PZ6HYWFZUAN,413.7207
740,SNDEDFYPJFHXG98W,2873.647
741,TSHEHU5RWCQXRWF9,4541.0425
742,CRTECN2QYVBX5Y4W,963.0372
743,NKCE8HVPEPWAU2HF,3093.286
744,PTGEGUZVM4X9XZWG,9561.909
745,BRAEDH76Q44DNY23,8519.279
746,INKEF7WMPUEH9G4V,3795.9922
747,CRTECN2QS5JJAFVP,5652.82
748,SHOE2FQCE3QFC8ZM,3466.1208
749,TOPEEEPV4GFFSHJG,6135.0884
750,PACE43HF8JWNA2GY,3326.3872
751,PBXEAHTCHTG62WSA,3143.407
752,PADEHZFJGQNSEVKC,4204.056
753,BRAEDQFRZAAEWCDT,2903.285
754,BRAEDSKCJJUEVC6B,1669.0422
755,WATE8PBFZKV5BYDZ,11613.67
756,SNDEHYMXZTFRYZQV,6391.7886
757,NKCDXYFHPJ4UNFPU,3879.1213
758,RTRECTV9PSVC8Z9Y,1739.7731
759,BRAEDXPFA43N8HW9,7092.4043
760,PCSE4C9YYYYXGNFH,8142.1055
761,MUGEACY82SGHCHYY,5114.1597
762,CAGE7UCEDBWHWF48,3350.2207
763,ACCEDTNRADHZ35UD,1171.7877
764,SHOECKEYFVTA6E8S,6751.3354
765,CRTECN2QTK6FRYHR,2980.219
766,NKCE7MMG7YSJCBZG,409.56284
767,PTPEDDXTMZKMNXHX,4144.871
768,ANKEGPVMFV9BJBJM,6147.2266
769,BRAE8WPSGGK9DQHX,4041.766
770,KHREH26Z6GEDTYYH,772.37915
771,NKCE9YX4TREBP4UZ,493.8191
772,SHIEHYHMWMYPDFSU,4438.728
773,BRAE7KQVYF75XZRE,5411.7715
774,TSHEHU5RHTSZSCAY,6392.3247
775,PAEE8EZHZFKKYMVK,6034.287
776,NKCE7PZPCSNSCHWT,4041.2512
777,CAGEBFPEVT4JFGPC,3291.5586
778,NKCEBBYSAMV3GRMV,3125.0913
779,PAEEAMGFHMZW72XN,5812.149
780,DRPEHYHNCZXNYFZH,1407.6761
781,NKCEFAG9U4ZHRHKU,3761.7603
782,BRAE5F3KGW3JVKJH,1663.8241
783,JWSEBUKYNF45Q8DG,5144.6704
784,BBAEGJFRDFNK9FCH,5803.2065
785,SHIEBY82HGZCTH5D,3776.438
786,JUMEHUFGYXJYP29C,9357.607
787,MUGEAGGKY7DVDTYA,3432.9304
788,SHOEBGHJZB2UKFC4,4037.6362
789,CRTECN2QYUDAZJ8T,2561.4675
790,WATDEWZ9UMDYPWYC,2227.2095
791,TROEGZ8QS74W4XR8,11059.112
792,BRAEGJFX4ZCMZHH6,1258.1537
793,NKCECJPCUYJZZQTR,433.62357
794,BLAEE6KTUAEBTDKS,9427.285
795,MUGEACY8TXGZFHKY,499.82178
796,BRAE8EHTNDJHDDAD,1834.5172
797,NKCEBFWTTMZH9MAR,5319.0
798,FSEEHXHFG6KCYVVU,7133.8433
799,WATE3YHHFFCUGZFB,4202.2544
800,BRAEAM6PF9YRAWWQ,7089.959
801,DTHEHTAZPGKDZXWH,4228.953
802,BRAE7V2UXPZMDHQ7,7375.212
803,CNBEJ9EDXWN8HQUU,4219.2554
804,TOPECYENWHHDGFCH,3726.4187
805,BOLEHUEBRTVCGWMK,3669.6653
806,TOPE8H5DGZH8GTDC,8022.9307
807,PAEE8G6NHEZMBWGH,7759.6797
808,LJGEG57E8US6WQWE,3105.5564
809,NKCEAVVRVBGADAHE,8302.2705
810,SHIEFZ2GJGAHATFG,2254.8958
811,NKCDZJB8WUWBH49M,3708.332
812,HAREG4928QYXAP3E,7712.089
813,PBXEBQGM4J4AWAWF,5678.28
814,JGTECTXNVGH5GYM5,5341.194
815,SHIECPXYNJ8UHGFN,7358.021
816,NKCDWBPZ42YGY39Q,867.0723
817,WATD9H76N5WQYVGJ,9453.923
818,ACCEBWRHKPQCGJNF,4695.3843
819,NKCEB2S9MFVUCSQU,2275.5042
820,CRTECN2QVHHZ5THC,3650.392
821,NKCDUEHCBEY7YZV8,1684.6394
822,SHOED5DCYU8HWRDH,3067.055
823,ACCDQDYBKTC6G9GH,8677.837
824,WATECVGYJXPGREKD,539.33
825,NKCE7TZG9AG6F3YB,4269.196
826,PBXED6C4RKBW8SRE,403.9612
827,CRTECN2QXHMJ87BG,2644.5437
828,SNDEGFJHB7XH9YPW,1283.7601
829,NKCEAVZ3ECSBFANG,4285.425
830,BRAEB9ZNSUGGSFQV,4637.8794
831,WATE9CFHPAEU3G4B,5080.7256
832,NKCDYQ3RWGURBTAV,737.31226
833,BRAECRHEHYDVDRTG,2229.838
834,NKCED8HZ3VQRHGGF,467.88614
835,BKPEGUJHQSJUZBVF,470.53094
836,BRAECHF3WZHZBQX2,2064.8567
837,BRAECQGS8RZDBQXM,1887.6272
838,BRAEDNX2TYZYQQZ2,3790.0999
839,NKCEDAN8ZMVMTDMB,5415.5737
840,TUNEBE8ADAYHZ4PG,8310.914
841,BRAEDN37XKYGFKGR,8122.269
842,CRTECN2QYUBADBHF,3641.8384
843,SGLEGBV6USTHRNDH,3948.6978
844,NKCEAPCWZTGKKMGW,3288.8438
845,NKCDSRPAFNQEXDZG,700.61584
846,ACCEGNVADAYPFTER,4027.171
847,SHOECP78YDYPYPSE,3598.4514
848,NKCECKHZPB2JMPGF,11409.904
849,CAGE79CEHJZX52XS,3351.4214
850,SHOEH4FSHEDEMVTM,3421.6924
851,NKCE5UY9JMZP9NGF,6464.2134
852,RNGEDAKAZXTGZNAM,5850.0034
853,BRAE5PKZBZGYZEMH,7900.585
854,WATD9H76GH2CHZ48,1547.0416
855,ELWEG4DCHBUNHUAD,5725.3457
856,BRAEBBMQJ9ARUWCH,1872.2112
857,MUGEACY8FADKRHPW,1873.3788
858,SHIE53GCQDQEK7SF,6041.897
859,TKPEG2Z2CWU9AHXG,898.3976
860,TOPEGGA6H622PCDF,2270.8503
861,RNGEFP2XDHURBWYP,1027.2673
862,WATE5HFYAAFVDZMJ,8345.025
863,HLUEJQ3TART8YBKJ,10320.641
864,BDDEH93ZEEZY7CHM,846.41125
865,SHOECXPMAQXZ3QPH,3943.9453
866,BRAE8X2ZZMYUZGGU,1568.2823
867,CRTECN2RCWZTMS2F,2478.4375
868,PHFEGJGHPSYKMHES,1902.947
869,NKCEDHHPRYYZURBG,7347.2354
870,DSEEHETVWRX9FZDT,1127.5648
871,TOPE7H6NJKNYWBGN,2734.9504
872,BRAEAM5DR9NS5XPE,4404.51
873,BBOEGP4HM4C5WXVC,1182.73
874,TOPE7ZHZJY9AJM7H,7013.617
875,BRFEHWGA3B6YEWNG,2255.857
876,MUGEAGGKRHSXEGCV,3672.4343
877,NKCE6TNZZKEGKPGA,4388.0103
878,ACCEGH6RPWY9DHAB,6037.7627
879,SHIEBJH8XQ2TEASA,2079.2383
880,GLSEHFJZGQDR9Y6Q,5850.658
881,ACCDQDYBDNZRPMSW,1153.7373
882,CRTECN2QVH5KUGW4,3966.3994
883,CRTEB774JMYWBRMV,4330.5166
884,BRAEAW9HUAWTZGSH,3349.15
885,BRAEGJFXJGTRFEYE,1291.7855
886,SHIECRX5GAVFAKJ7,2872.1272
887,PCSEC86VU9PMZYMP,8370.949
888,WATE8C5ZUTSGNEMF,3072.1267
889,NKCE2W3WYQZ7TCRA,727.51843
890,BRAE7DRSNFESBUYT,5579.643
891,PBXEBSMZKB3GTTS8,8151.4624
892,CAGE9ABAYFMUUH45,556.3899
893,DREE8MF7NWZUYSBV,9948.411
894,BRAE3WVQHJWKQZHZ,1921.242
895,SHTEB5MNYHJJQGBJ,4013.276
896,PAEE7A8QGN6WSYAG,12494.537
897,MUGEACY8QAHZFFXV,2186.318
898,AVCEJCHZ2GVMBVP2,690.7547
899,CAGEBTGG3AZRBFHE,3088.8406
900,TSHEGGCKYG5GGGMU,3253.1694
901,MUGEAGGKKZBHTBHW,3170.7642
902,PBXE7NYSPF4FKVY6,3217.1953
903,ARPEEMCAMGADRCGQ,4141.9873
904,ACCEF3Z2XMEEJVWE,7706.744
905,SHOEFMRZZAXFQW4F,5591.9946
906,TWTEHH2B5EZ4PK6U,5114.3657
907,WATDXFGTMYAAZYW8,3317.562
908,SHIE9J6PPZ44RZDK,4586.696
909,NKCED6EXHFFHUFEW,13026.746
910,PBXE78PHEKYZRPSC,10054.688
911,CAYEJFYZ6B73NUMH,225.8226
912,BRAE8RSAHXUVA9FQ,1766.9319
913,NKCE9W4ZNQGHCENM,919.79645
914,SHTEDWHGGHUZZTMZ,965.0633
915,NKCE7ZPRDS6PZTAA,2218.1057
916,SWTEDVZZ92PX48ZY,4827.17
917,PCSEC86VZVTTBKJE,8155.408
918,TKPDS6ZEWH4KF3SJ,7363.1978
919,NKCE2B57DXAZBYER,2219.5598
920,MUGE6A5HP6TG9YCQ,2102.6938
921,BRAEB2S8SVFDT9HA,3444.071
922,FABE88MH9NNKPM4H,3542.8247
923,WBTDMEZTUWBPD5DM,4333.2817
924,VANE8KP4GWZPNKQZ,5662.617
925,PCSE9R7E3AFG7F9H,1282.1066
926,ACCE8XZMBCKRGRVS,1691.1393
927,BAAEGHPNYQ5JMZNZ,7442.9893
928,NKCEASCZT3V6YGJV,2786.8071
929,TOPEYJZ7PUP4YRP3,2859.1182
930,PCSE4VAVUPCMZZ7A,4309.9297
931,BRAE5F3KHHPXDMUR,2545.2593
932,CRTEJU6FJTEHSVTR,5099.312
933,PTPDVPFYEKTVFEZ8,2763.702
934,JEAEHYZRRZDZZNWT,5754.323
935,JWSDYFUFNYBSDY6B,920.3402
936,CCVEFX3XNKFEF843,7199.2363
937,PACE66XREPHDU3NH,4433.798
938,SUDEGGB3E5K4UNYW,707.03394
939,NKCEB3ZCW2HXUSFX,1534.1272
940,PCSEBFEH9XA3B2DF,3060.019
941,BRAEBCY3JXSJFNZH,2322.501
942,CLTEHE9GGXJKCWCV,4808.496
943,CAGE5QJG2PSHZA28,309.46878
944,BRAEFR6JZXBQ9NJK,8113.292
945,BRAEBCY3V4ZR8UUU,6310.9097
946,DREE3KKW8HYZJHZY,3809.7905
947,FABE92NVVHWSKHAX,4454.0195
948,CBKEJ3AZYYJTEHK6,5317.2246
949,SHIEA6YUZCDGZUCG,3835.3704
950,SHIE9J6PYBXBYHRZ,2157.5596
951,FABEADKA9VBM9DTM,4414.4126
952,BRAEB2S8TG98KYGJ,9829.072
953,CRTECN2QX4FC2UAC,2526.9255
954,NKCEAQPGSPXZDCSA,5505.366
955,NKCE5TFVHZDZTAYH,3472.4863
956,BRAECCDUHY5DYWFW,2635.084
957,NKCEFFFP9THXHT7P,2049.3604
958,DREEAVB2QKSZN4HH,3963.5632
959,SNDEGSZD4WHWUEPU,6999.9463
960,NKCEA5FHH53NDT9H,4227.321
961,NKCDU4RZYTKBTQPC,2893.1096
962,MUGEBFGFT2CSSGVM,1194.2113
963,PCSE2ZFDQHP9ENMD,8330.74
964,SHOE3TZMQHKWG7TT,4857.715
965,SOCEGHFY7ZZ9G48G,3901.0903
966,SHOEJUQGNBAHYR3E,7304.484
967,PCSDY5AFFHEADFCS,7895.712
968,BRAEGJFXJR4GPU2C,1103.3955
969,NKCE5UZHWVVB7FCU,3321.158
970,BRAEBBYRHPZNNP6Z,1174.5929
971,PCSE98DZU6XXGY3C,6630.845
972,NKCE4PZ6UJQG9QQE,1479.0577
973,PASEA46QFBTUGATC,1939.612
974,CRTECN2QZAQWXEKU,3367.9053
975,CRTECN2QUHEXQ5BG,5023.559
976,CAGE9ENYESDHRAZG,5058.6177
977,SLIEHUFGN6EAJZZV,1675.7969
978,BRAE7KQVPZXEUTHY,8486.198
979,BRAE9RDPFQQHHNNE,7872.5986
980,SHIE853ADDAHYSFQ,1970.6906
981,PCSE9HAGHNGNRHZD,13354.764
982,WATE7VE24DXUPMAG,9178.725
983,PBXE4WZJC3ZN8NFC,9572.338
984,CAGE6GQCC6YG7FTD,7309.1577
985,PCSE6SJGNDGTHPGR,1394.6318
986,TSHEGCZTUAZAYE7G,3122.2856
987,PCSE9YCZXDYVMBYZ,4100.888
988,DREEDR97RXXXSZXX,2432.6392
989,BRAE8UZGGRVBCEHM,8873.782
990,PBXE5YG7JZP48WAF,6274.6943
991,TOPE4NB7QJFGX4PV,5584.433
992,NKCE6SR49QBZZHMP,10656.422
993,ACCE8XZMFNFCDPXE,6643.1094
994,NKCE45SJXTBHBFPX,5203.4185
995,CRTECN2QVVZWDMVZ,2704.3872
996,MUGECEVFM93JBPEW,3760.4595
997,PCSECV3F9MXQZH3V,457.13156
998,NKCE2RPCH7YGSPX9,5768.7905
999,SHOECVMMYCMGFZZP,3012.1216
1000,SHTEDFFJMHZWSYT2,4428.547
1001,NKCEAZ6FBHSGCGAN,4505.3003
1002,NKCEGZZGGGDCERGH,7299.4707
1003,NKCDU4RZZAMFHSQY,3816.1836
1004,CAGED6YFXAHXJSDH,1553.0955
1005,WCTEHU6FYRC6WWCG,4080.0583
1006,WATDZ5HGFJCH2FGY,8050.9897
1007,IDMEHY86YP4NFZUG,3432.3596
1008,NKCEFERXYKGHFACG,5086.6113
1009,PBXEDDEFFMKZM3HG,662.7244
1010,VLBEJKMQ9QZS8ZXH,260.40762
1011,DREEG9JRZUZM5CBH,5960.7314
1012,NKCE6GJ5JHFKSM6T,5548.223
1013,SHOEG5XHVBSU5BRW,4523.1294
1014,BOTEEWFAGTNGUQ5A,4876.7817
1015,ACCEGUY9XYXUMRDA,7011.98
1016,CRTECN2QUBFBECYZ,7000.0757
1017,CRTECN2QSWDGMGZZ,4047.1057
1018,SHOECSWQCEZRR82X,843.66266
1019,WATDZ5HGGUGHEZMH,7314.646
1020,NKCED8EGPHGKRPBH,5977.2144
1021,CWDEGNNW8YCD2VHQ,5377.204
1022,PBXE89GKDPBANA86,706.1579
1023,ACCEA7PVQP8H27UH,1259.2644
1024,JCKEEB5YX5Q8HYBM,2321.9346
1025,CAGE8PKGVCNS7JCH,5844.3633
1026,NDNEBA9VUFJGTDEE,614.7418
1027,BLUEJQRHM9VA48GF,6118.8647
1028,PCSE6SJGCFMBG5PU,7117.4443
1029,SHOEJP2GGGP2GGPB,1387.4802
1030,CAGE8TQ8A7TPFYZN,1988.2076
1031,TSHECHFVV3F5FHK2,3384.258
1032,TOPE3NVYHZNAEPHA,709.9615
1033,BDGEGEGCZ5ZDXBX9,10993.227
1034,PCSE3YFFCYQVRNYX,6009.422
1035,CRTECN2QW9H2NWF2,3057.9963
1036,TOPE7ZHY4ZX6VHYU,4515.3906
1037,NKCE9GY4ZH4Q4K69,270.62607
1038,KLSEGTBP3VQPZTHF,3723.5566
1039,BRAEGGFEQRWYDHHK,4083.204
1040,PACECF9NDZG39YPR,4897.4375
1041,SNDEGZ8XGC4BWUZF,5671.9736
1042,CRTECN2QZVM6SHSJ,2967.0842
1043,SFFEGJZHZPYSE7YD,3927.8638
1044,NKCE9YFBJMTVANBC,1135.7533
1045,BRAE9WYJXR43VESQ,1702.9163
1046,FABE7D5ZSVVRPG75,3500.264
1047,ETHEGNMSZPZDZC6T,2799.4614
1048,CRTECN2QWRACCVZW,3715.8152
1049,CRTECN2QT6ZMHHHH,2773.2263
1050,PBXE8W55A32CHXZD,447.60938
1051,SUDEGGAVHGYEQJAH,2766.415
1052,NKCEAZ6FXQFHJH2Z,437.3502
1053,NKCDYFHQAKQ62MHT,2984.7097
1054,PTPE7H5JD4MH5T4D,4076.858
1055,SHIEBQ8W6KQHQG6J,6031.9653
1056,TKSEEB9MNUGDS9DZ,3736.1772
1057,BRAEDAGATZZKMRNY,2296.4146
1058,CPIEJCN3ASM9ZRXE,4133.9297
1059,RTRDQGV3ZTKAZTPD,3700.089
1060,ARPEG54NHHJDT9FZ,4785.7065
1061,ACCEBUEKVFFUX2DE,8682.014
1062,TSHEGYDYGFHGSHGY,5940.498
1063,VLBEGZ7SBMDMYTXZ,6267.754
1064,TOPE8ZAF4NMCGHR3,2984.6685
1065,BRAEDQEDVYJV64GV,8245.506
1066,CRTECN2QSXKNSX8Z,2928.7822
1067,BRAE3Y4ZP6GF4JKT,4488.401
1068,SHOEJWNPWBWCE7HQ,1593.327
1069,SUDEGVG6PJKDGW2Z,752.5272
1070,WATEBS5YABDG6ART,5000.684
1071,JEAEGE8QCDDXCXFG,5101.6167
1072,JEAEGFMHRSUHCHDY,11954.495
1073,SHOEC8QGTYTSYHRC,5603.67
1074,NKCECZJQS73UZGX3,2978.6814
1075,CAGE8X8X5QEP5BWM,5368.9907
1076,SHIECHC2G6B7JPTP,1103.6678
1077,PTPEATF8HNUX8SGY,4363.0317
1078,NKCE8BG8ZXHRZN9G,7854.462
1079,BRAEBG4ZBVZDWG8M,1685.7623
1080,SNDECV6YCADQHMUQ,6901.1646
1081,NKCEB98TYYUZE7BQ,5178.811
1082,TKPEJNSQMHREJYRD,5274.0967
1083,NKCDUYA5RGAGR4PY,3768.396
1084,CRTECN2QSQX5H4GM,4314.7544
1085,CRTECN2QVNAWZZHZ,3842.9778
1086,NKCE6SR4YVMYZMGY,10505.585
1087,PBXEAJVRV5HNMDTR,289.9812
1088,SFFEGF6KZ9PPM4SN,4614.4043
1089,RNGDY8PZCQHBYA8U,6947.5967
1090,PCSEAH5W7RFFGKFN,4705.7935
1091,RTRECZANMW6UAQ5A,4152.2954
1092,PCSE9R3UWEMF57RQ,9350.417
1093,SUDEGGB4EZEJ7ZPV,4930.353
1094,BRAEBBMQZJWQQFEE,3483.346
1095,CRNEJB4NE9FYSGBR,2923.0527
1096,NKCDR6BHVPTCG7HA,10296.997
1097,PTPE4JYTBXSZSZPF,3416.5034
1098,ACCEGGAF75RZUBTU,12228.557
1099,NSTEG358AT2YQVV2,4631.7964
1100,ACCEGKXQ9ZFSWKMU,866.2196
1101,SHOEBG6ZUGTSDGBU,4935.157
1102,FABE92NVJWFVRWTZ,3742.871
1103,ACCE8XZMEQ5C2MU7,5390.9854
1104,SHIE2XDXPYYGJJZN,445.54178
1105,BRAE3RFCGHJGVJ9Y,9825.664
1106,NKCEA5FH9ZB34DEE,6181.355
1107,BRAECFAQXWGHUZDQ,2178.6118
1108,SNDEBG864TPNPGSE,885.38513
1109,SHOE3MYBTPZVTGYM,4753.3706
1110,NKCECW7BGWYRZ3BP,4077.6812
1111,ACCEGGAYF5HTP4RG,3.2199948
1112,BRAE8RSAJKCPQ4WP,7634.067
1113,ACCEGXK4RRVYHJZR,539.44684
1114,CRTECN2QWHKJ3PBU,4369.7734
1115,DREECUW7PKBTZPRA,4024.6174
1116,PCSE6SJGZWXPQY9G,2529.5884
1117,WATDZ98SPFAQVHWR,8721.767
1118,CRTECN2QZ2HFUHH5,3210.4368
1119,CRTECN2QS7YHAKV2,2068.565
1120,NKCDU4RZNVATGYZZ,1652.894
1121,TOPE7W4CTFFFDQBH,4179.098
1122,NKCE7MMGDBM6ZYT5,3787.7554
1123,FABE92NUSYEWSG56,631.6069
1124,NKCEFFFPZC5FFNSY,4362.601
1125,BRAEGGER5HFB7YXT,8852.1875
1126,KTAEGFPRCCS46ZMA,3342.5674
1127,SUDEHYGUBYUKVZYJ,5787.896
1128,SHIEHZRCHVFEEVMR,6047.117
1129,RNGE9HEA2SSEK9ZD,615.0751
1130,BRAE74BRYKNFVGQE,2207.9834
1131,AVCEFURSJBG924HG,725.92975
1132,DREECZJEPZNGBSFZ,4022.2422
1133,SOCEJPT5QW94BHWE,1600.6504
1134,ECOEFYFCC2BUSBN5,3102.7444
1135,BRAEA7GBQR7ZZN4K,2350.7214
1136,TOPE5N5ACWGNUWBY,9525.79
1137,BRAE8X2ZW4ZPDQ7A,6254.757
1138,PELEJWHBZZHFCF4H,5417.265
1139,PBXE6YVW4CSQGJPS,3189.933
1140,NKCE5WSJTHTHQFUG,4178.169
1141,PACE5VYXKSZZ8GKF,3025.772
1142,PELEGWXGPG8UEXPN,3256.3855
1143,CAGE7CZRJ39MZ33R,3173.9075
1144,CLTEGE4SGRTVHXAW,4165.9023
1145,PCSEAH5WZB8HNWEG,6523.7827
1146,MUGECEVFKB5RER6P,3847.3066
1147,NKCE3H6BGY7BF6K9,7794.0737
1148,CAGE7CZRW6MNSUH4,4923.13
1149,RTRDMNVFYZZBXT3G,2907.7217
1150,CAGED2W2SHVURMZH,5739.9136
1151,BRAECTFYYHAUWR3A,2340.6199
1152,BRAEAR7WUVRVUAHY,1798.642
1153,GUAEJGQCH9BNFH2J,6775.0312
1154,MATE49ATZAJFGTHF,537.4603
1155,NKCE8SESTHKCG7FW,6083.089
1156,PBXE9T4SWW4HSFGJ,437.35242
1157,TSHEHU5RY4T3XXQZ,5535.307
1158,SHTEE72RZN4TVPUY,5542.727
1159,NKCE8RB5Q2SERPVK,187.44063
1160,PBXE9YWGTTTX6KVV,3363.02
1161,NKCDWBPZTRZJTVR2,2732.6882
1162,NKCEGHR7YXJD3QVA,1505.4037
1163,SHOE3S9BYE5XWSKS,6182.237
1164,DRPEHS7GGAEJHWGH,659.5308
1165,TOPE7DNYTYVKXH8X,4616.4595
1166,CRLEJ6B76SJP8ZVG,7267.145
1167,BRAE74BREFRNXRYB,3234.672
1168,CRTEA7HABNRWRZSV,2749.5137
1169,TOPDX9TF8EH63HHG,4014.3618
1170,ACCEJ6TESY6AFW59,1368.9004
1171,CRTECN2QZZJVMK8M,4251.719
1172,WATE3NWHWHGSECNQ,10716.119
1173,MUGEACY8EXQKEZ8J,3841.124
1174,SUDEGGB5XKHZ8YRV,11094.553
1175,CRTECN2QXUGAJF8Y,1259.4011
1176,TOPE6ZCJTWVV9GRK,8810.103
1177,BRAEAHEHDB9H3E65,1841.9753
1178,CRTECN2QVES5SGVH,3967.7407
1179,BRAEDSGAZES3SRZ8,3030.9314
1180,TOPE954F2MKDZFTF,1280.4193
1181,BRAEE6YMYDZCTFHT,2362.5793
1182,PBXEAJHVVCHEY59Y,698.1928
1183,CAGE6FYHBF3HYBWE,528.2514
1184,NKCE59YWGAXY6Q4B,2652.2485
1185,BRAECKHYSXQD8ZMC,1311.5483
1186,SNDEHZMFFAHHZSHZ,6281.399
1187,TOPE9RCYS54YZNFG,4345.435
1188,NKCEC8AZHBUEHH6Y,3712.5989
1189,NKCDYQ3REN9WJEAF,2525.6833
1190,MUGEAGGKXFT23YYH,3950.7725
1191,NKCE8HVPRWTY5JET,2721.2217
1192,PAEE8EZHYZESVZ2H,5763.7954
1193,SHIE8G24RUNDF63N,5736.4937
1194,SHIEBCQZHBFMSFMK,3328.0886
1195,TOPEBCJF2D8JB3RG,3716.7012
1196,NKCED2ZG8GMNMMSF,3236.55
1197,CAGE75DFBFFJZZ2P,3398.792
1198,KRTECQSZAZSPPJWZ,13591.688
1199,NKCE3Y5PHMWUUWQ3,4936.1846
1200,WATDXFGTREYMG4ZW,2295.3135
1201,GRKEG4UWCS4SNUSG,2411.0752
1202,MUGEACY8MDQCWAGH,2177.8564
1203,WATDZ5HGZZCZXDNC,9718.973
1204,NKCE8E6YYVEUTNGY,2717.2593
1205,JEAEGE8RGRFHFUU7,7476.6094
1206,BRAEE6YMYZ4D5YGS,5637.613
1207,SNDE7FD6YA84VHSZ,764.6969
1208,NKCE5HYVQV5ZKAMB,5062.8877
1209,LJGEDTGP6EVWQAJW,4900.3457
1210,SWIEHF3H7WG6VGMR,1941.8252
1211,CRTECUWZC4AEEVTQ,3892.115
1212,ACCDXH5HDZZU8QRH,6763.229
1213,NKCE9ABEZFFRGABC,4923.905
1214,NKCEAVVRRGHWXTNF,3535.1345
1215,DREEYGCXYYZHDGDZ,3362.2869
1216,NKCE8RB5TUKH4USX,5888.6597
1217,NKCE96SXZGNBFP3J,7693.4414
1218,BRAE8QNFWA34HGDX,9672.177
1219,BRAEDTNZZN4ER8JN,2279.0203
1220,BRAEAW9MTDZZZBH9,5944.5044
1221,PCSE6X3YSK6U4XMY,6161.5835
1222,SHOEBBWKYRZHMMZN,3375.1743
1223,WATDKB7JHUHHVMU9,616.9249
1224,WATECSYFBDTEVR5V,2837.372
1225,RNGE96Y2DCHGZ5AH,4521.1943
1226,VANED79Z5THRWD3K,3582.2253
1227,CRTECN2QWVBQNTHQ,3713.8308
1228,USGEJPPVGZNYAJE4,8067.48
1229,CRTECN2QY8BEJVAB,3650.5745
1230,BRAEDNX2YFFFVD3A,1660.0385
1231,RNGE96Y4USHKXVCY,1281.9717
1232,TFHECYGABBG9NRZM,7214.3843
1233,WCKE2TFYRJA65QEF,1073.042
1234,BZREBXM8BFP6HZVP,6299.8936
1235,CAGE7DSFVSZDYPFF,1831.3394
1236,SHOEGAJGGTZD6HSY,4957.3857
1237,SHOE2FQCR89ZNN8W,8053.4277
1238,TSHEGF9YZUKYJKZG,7140.4316
1239,CRTECN2QYZCRHWD5,2418.8665
1240,WCKE2TFYMTCGDBE6,3781.9763
1241,LJGEHYCBH3VEAZYN,1658.2455
1242,CAGE76HYPAMJ7WKH,3357.3574
1243,NKCECZJRGGSJS5MP,3116.166
1244,HMBEHBANHWHNQF8B,664.41754
1245,NKCE2V6XHV3DSGPT,548.78577
1246,AIRE9B8EKTNR8J4B,4803.872
1247,CAGEBTJBUKGHGBSJ,5523.0425
1248,PCSE7B6U2VYJZWSQ,14740.712
1249,CRTECN2QX3VH7RD5,2145.625
1250,SHIEGQEQ8X5DPEWU,230.5904
1251,NKCE38HEJPZSGBDZ,2321.8137
1252,BRAEDQEETE3Y2CZJ,2095.5935
1253,TSHEJQ22W8XPPGGH,1049.0289
1254,CRTECN2QYTQNTVFH,596.8733
1255,SHIEGHNCZBRTKZCR,4415.4595
1256,NKCDYQ3R3YGZZYGB,6475.0273
1257,SNDEJCWXXFWQRCJU,5629.1143
1258,BRAEGG4PJFZEHY5T,1374.6658
1259,NKCE4PZ6YXXW7SPR,3206.7144
1260,BRAEBG4ZXJNSXVNM,1114.1653
1261,ACCDYDY6PBZGPYDT,12923.716
1262,NKCE3JRMBSUGXDK2,7402.763
1263,LJGE9TGNDH2E4VRH,7977.5435
1264,SRTEGWKMWDED9GFW,1595.7084
1265,WATDE9NFPB9TBVSK,5371.979
1266,SHOEJCZFDNVTB3RF,989.92
1267,BRAEGJFXYTH2MG98,4244.0825
1268,TWTEHH2BQ29FYNGV,827.9459
1269,SHOEHYA2U4D2FDGE,4886.4746
1270,NKCEB774ZFTSYG2V,398.19324
1271,SGLEGBV8VZ4QSREY,6407.145
1272,SHOEHZMMPFYUGBGD,5863.649
1273,RNGEJ39US9ENJXYF,5570.6475
1274,MUGEACY8F4ZAFQNJ,751.83936
1275,PBXE6ZHNEGF3VGZW,2708.971
1276,TLPEG6GR9HUYW3ES,570.73376
1277,NKCECARBX85NCE3P,3504.9846
1278,MUGEAGGKNFZUGFN7,4640.674
1279,PCSE9ZPV7HAPCFZ6,7712.7583
1280,TOPE9KJE9PVJJZZC,3713.307
1281,CAGEBTJB5SZDNYXY,510.74612
1282,NKCDYARBMAARKGFZ,3827.466
1283,BRAEBHDVMHWWJ72Z,6628.78
1284,SUDEGGBFA9UZ87PY,6164.766
1285,ACCEABW85UJZ7BMZ,8065.474
1286,SHOE2ZNGYDECUGNG,5191.685
1287,NKCE9Z2J5XF5GDCP,3355.8489
1288,PTPEFS9BTD3YHNHF,4327.179
1289,NKCDWHFQ2ZBKQHGP,2257.0752
1290,MUGEJG6SRGWSSZVS,6483.757
1291,TOPEYHHWTQ59WEHB,5178.6455
1292,PACEC9FJHX2ZJJFM,4022.2917
1293,NKCDU4RZYJ4NC2FS,3742.1
1294,CAGDU84G2G5AEAE5,10309.974
1295,CRTECN2QU9XUVRDQ,3957.1677
1296,DRPE3N3WWNJHVVNN,2744.9692
1297,NKCDW898GSGZQGGY,2607.9446
1298,MUGE92Z4ZTV8UZYN,2650.496
1299,BRAEBCY3TP8GZGQP,4084.4148
1300,NKCE8HBNYGFJDU8Q,6375.331
1301,CLTEHE9FS4UCYDGH,421.41357
1302,NKCE9PFFZZJ2JUTG,7734.7295
1303,SNDEGJFVJAHQCENF,10685.379
1304,NKCE2NKZGKZ7TVUE,2346.5469
1305,SRTEHHD7AE757FTH,3145.741
1306,RNGEDAKCZAZQTEZZ,2401.721
1307,RTRDNGVMH2ZJZRMQ,7540.905
1308,SHIE9FMPWV8U4RWX,2149.36
1309,PCSEAKVBTXB6E4RF,1089.5664
1310,SCHE5Z57GMRHGXTD,3510.4058
1311,SNDEJPZMCWYT5QRW,6672.946
1312,DREEGZ5CVEHJPDT9,5445.9517
1313,SCHE4YST2DH7X2YC,4159.7236
1314,BRAEDTPHBRK7YTYE,1896.1165
1315,LIDE4YMTRHMXGXKZ,3395.8276
1316,NKCED2ZGVXQE2UWP,3202.5254
1317,BBAEJA4VWFFEZARG,5823.391
1318,WATE6S3AHZXW9GPK,9114.441
1319,NKCEF9GTMZD4JZW3,3476.304
1320,MUGEGZUMNZCKBZYS,2436.461
1321,KRTEC89NQNYTJC9S,2337.9502
1322,MUGEAGGKWW34AFH6,2521.1482
1323,NKCE7HN9XD8UDKHF,4250.7173
1324,CAGE8X8XZCGGXQ7Z,755.27826
1325,BRAEDSKC33TQAGG2,2854.6584
1326,PBXEBYHC4S5BQYDA,700.9008
1327,WATDYQ938HFU8M8J,1203.0088
1328,SHOEFVT6YAKB9XTE,4549.4214
1329,BNGEB467JXH6QER6,10586.887
1330,GLSEHFJZ2N9C3WYK,837.93536
1331,CRTECN2R5JRYASA4,3991.1836
1332,NKCE2F5HBUPEAAPZ,652.8978
1333,SHIEAREZZWVXUBQT,5411.956
1334,BRAECKHYJ8HGVGHG,1511.4906
1335,VLBEGZ7SQGDFUXE7,5370.6494
1336,ETHEJG2KXFSM6SYG,1279.2734
1337,MUGEAGGKZTMNHZPF,440.89285
1338,FABEH2JYVTGFEEFT,651.4023
1339,SNDEA5EG9KPNG38S,929.68085
1340,MTYEGZ5ZCWFARE5X,5036.9297
1341,TOPE8XCDBUGUZWSP,2759.969
1342,COAEJFTZEFVYTVBG,1621.6721
1343,NKCE9YCYAJTGZFZZ,3287.1711
1344,RTRDMNVF7CQ3HAHU,3226.8965
1345,PTGEGUZNXKZ8P6Z9,4870.5615
1346,SHIE55GT4JDKEGZQ,3882.3838
1347,TOPE7H6NK6YHDAP3,5470.407
1348,TSHDWUPNBPZZHHRD,7616.4976
1349,ACCEATGZU9QWN3XR,3163.9836
1350,TNREFBYF3NYEWX5R,13584.273
1351,CRTECN2QYNFWAQHM,6146.4136
1352,KTAEJFR22QUF6CCX,8292.393
1353,MUGE9HRR6HVCRPZT,5828.8213
1354,BRAEAW9KZHABYUAW,7978.327
1355,CAGE9ABBP3NXYEMZ,13700.168
1356,SHTEJT4DCZAKK3YW,4459.108
1357,RTRD8FPJEQRZ6BEM,1139.9249
1358,PLWE6S4BKHB5HZD2,5475.0674
1359,NKCE6XU6NKSZPBYC,7746.7188
1360,TOPE5UZG8YEV39XC,1180.7751
1361,NKCEAPCVHF2FJTCN,3181.9375
1362,NKCEASN6V7MJ482Y,3128.115
1363,SHIE3QDHDTF4BMK4,6435.771
1364,SLTEGE83BPHD2N2R,9641.519
1365,CAGE6FYK6VKUMRTT,3969.2468
1366,TOPEGGA4KWAXGTG7,3475.3943
1367,NKCE966EVHN4AM4H,3563.9653
1368,CRTECN2RTNAPQ9UC,2740.782
1369,AVCEJCJSV7YSUEGN,4346.957
1370,SHOEBGDMZFGMWGSD,3997.7832
1371,JCKDXPJGDX8MMGDF,3921.0828
1372,RTRDNHMRFZTR3ZPZ,3673.9312
1373,NKCEFFFPSG28KBZR,4883.36
1374,BRAE8RSARRKPHWUY,7540.8057
1375,NKCEBFWTZCR2Z9CK,8793.754
1376,SNDEHZKGKGHDFG57,3186.0046
1377,GOGEHYHYGRZFMC9D,1895.0138
1378,SOCEGHM6YYCTBXHS,1747.8212
1379,SNDEGQ7NBVGASKHA,771.56635
1380,MUGEACY8Z6RG3GPV,3257.7944
1381,NKCE38HB3Y5YH3UF,3397.4966
1382,MUGEB3GZ5HYHGBQT,2477.0916
1383,SHOE6ZQFRGNTW8JX,2814.261
1384,CRTECN2QYZBRHJZF,4040.5356
1385,WATECDDDQ7SFDD6K,4566.606
1386,BRFEGJANHRABGE2Y,6186.239
1387,BRAEBBYRYZBKQRKA,9902.158
1388,SHOECUZVNVUQ8CJF,2321.4841
1389,CRTECN2QXB8H2ZMM,2292.0266
1390,BRAEA5MZF4TEZZPH,4796.4907
1391,NKCDU4RZR83PHQG7,5131.8545
1392,WATDZ5HGJEQGGB6U,5053.831
1393,CRTECN2QZYZK9WYV,4798.0356
1394,NKCEACWN5GXUC92H,2530.7266
1395,HKHE57EHTMJCH5FT,4244.019
1396,SHIEFFFPRTTYYF3G,6516.425
1397,SCIEFHFUUSZZD24P,5671.383
1398,ACCDXFZXH75VJZE8,12375.995
1399,BRAE6Z79CG9ZH75H,6679.4624
1400,BTCEJQYNBKZNZDKS,7629.25
1401,PBXECDBWKHNKGEGD,2165.586
1402,NKCE53HJHUTKNGUF,7850.9595
1403,CRTECN2QYNCSMYNX,3290.4045
1404,BLAE6DPHFYECGZ68,11872.374
1405,NKCEC9FM6ZZGB5A8,3970.5146
1406,CRTECN2QYAPXYKZM,2783.8271
1407,TMLECXEQZXPGWW7T,9349.465
1408,SHOE8VP932WXGCZV,3311.9976
1409,MUGEGZUH2HDYY4XF,3989.6758
1410,BRAEDW63EGE5VDXG,2238.21
1411,MFLDUKGX3Z2J5VH9,4947.12
1412,MUGE8TQEZKAD9WVN,2514.763
1413,ACCEAZCVS4YGWUVH,5531.437
1414,MBPEFHRYGGHJMRYW,1079.7065
1415,TOPEDHEA9YERKGUT,2567.1233
1416,BRAEDT7SDETZENWB,6286.652
1417,TROEHYUVAJ6NBBAE,2428.3137
1418,TOPEHZNSWYHQYGUF,3450.582
1419,BRAEDSGAYPJFXJJ5,2390.919
1420,BRAE8EHTYSUXSHEM,2631.6072
1421,NKCEC8ATTJB3QMGB,9023.868
1422,CAGE7DUYKHBTPZVZ,3854.985
1423,TOPEBKYKJZCNRNNJ,3524.6443
1424,NKCE77RVJXKGY5HH,158.93835
1425,CRTECN2QS6YHKQ3G,4182.548
1426,NKCE9AZM3GVSMZPT,4595.338
1427,DREE9CPNYFZP9HRA,2975.609
1428,NKCE7Y2Y4BFFU9A4,3765.105
1429,SNDEDG6H5CYWWBBP,10594.566
1430,CRTECN2QZJSZBWGH,3930.4983
1431,PTPE7V9ZRFFHG22K,4216.4175
1432,TSHEJCQ2VWZAKZJ4,2750.4146
1433,BRADM8DWKXXJDEHW,424.67215
1434,CAGE22EFFAPMZEPE,1902.7
1435,RNGE87FCCDJQYSQ9,8607.481
1436,CRTECN2QZZSR4ZVH,4686.601
1437,SFFEHUAUGA5GBTYZ,5849.7676
1438,TSHE4KACQVSBXCFC,6745.82
1439,NKCE8NHGSHWS56FH,3322.744
1440,ACCEGKFHWYVFNCX5,1851.4087
1441,TUNEA8UGGGDERAHT,17864.395
1442,NKCEA5FHAKKSQCK7,746.9872
1443,ACCDSY8ESXF9AUHY,11975.571
1444,PBXE9YWGDQYKWXRS,9464.3545
1445,SHIEHYHHNPVZEXVZ,651.5812
1446,NKCDX3BH8FVUZAYQ,7224.354
1447,PCSECV3FSKC4P3P8,62.775112
1448,NKCE6UWHJPBKGHZ5,503.20142
1449,SFFEHVAVYGCD3HSD,6575.668
1450,KRTEJ9GHTVHHGQHM,3206.1306
1451,USGEJPQKBNS5KDTE,4406.3506
1452,NKCE5U69CGGXVG4C,4449.604
1453,LJGEATZSV5VGNDXW,3067.1091
1454,BRAE8JUGGJMMETKY,1210.4286
1455,WATEHYU2ZR3UTGRK,822.9853
1456,SUDEHYGUWDBVFRMH,975.48285
1457,SNDE5E6BCHZCC7JQ,644.29297
1458,RNGDVJYNGRUMZJFT,3942.4973
1459,BRFECHUFKHVYUREJ,550.56165
1460,MUGEBFGFEN9A5EGR,3801.2798
1461,SOCEGKQYHGGXAPGD,3224.7397
1462,NKCE9Z2JTCBDBXJV,526.5881
1463,PANEJQ5AMGFJKRAF,9521.34
1464,CRTECN2QUHKRMZSA,3863.1155
1465,TOPECBAAP9HW5VMH,9644.994
1466,BRAE8RSAVVGKRBK9,3228.9695
1467,NKCEAX7H3Y9JBGYZ,197.73419
1468,HRCEHF2C2XQKQZHM,3795.1475
1469,BRAE3TSHZ6VEKQUG,1150.291
1470,STIEJPM3D8HYQRTN,494.33362
1471,LBXEHFA5TTMBMFR8,5616.498
1472,SHIEHGXH8GPWGWFE,5694.596
1473,NKCEAUABWU3Z8HZ6,1403.7144
1474,SNDEGFJ2GD5GWVSH,5103.0117
1475,NKCEDCT9KKXBQTND,93.880516
1476,PLLEHQTXADABGDSZ,5889.7124
1477,SNDE6SCTV6BCGRNV,8902.725
1478,NKCEB7CE7G7JHQPA,3688.3232
1479,PCSE6SJGPYFYGKUQ,7054.4653
1480,LCHEGYYBWP4ECBZJ,9404.39
1481,TLPECJY7WKHYDZT5,4575.9185
1482,TOPECJFAHFF9PB94,4008.2683
1483,SHTEDCZWARQ2HZXX,903.4256
1484,SHIE86XAM3TUG7HA,5507.0977
1485,PELEG5D24ZAYAHUJ,4798.124
1486,WATDYFQ559FZWRSQ,7884.798
1487,NKCECZPZ8WCCFGRV,467.51852
1488,CAGE9YTNZV5B3WWZ,551.4742
1489,NKCEAGXHYGDBWMWZ,2927.2266
1490,CRTEHSS9JCJEZWCA,5790.049
1491,CBKEJ3AZMZGTQ9F5,835.4798
1492,PCSE55G4YBUXMBJK,1143.336
1493,RNGEBKGHZFCSNZWZ,1599.5079
1494,CNDEGVK2ZMCGSCEQ,9095.817
1495,ACBEHDUATE73ZUFF,2384.3186
1496,NKCE5U69RBZRVJCQ,2956.5168
1497,RNGEDAKAZRSRYN2X,7026.7095
1498,PACE5Y8Y44TKZ7RM,3621.0051
1499,MUGEACY8VKKQ6GJ4,2069.9995
1500,TOPE6QGAWN9YDQWZ,6504.7817
1501,BRAEBBYRWHYKY7CM,7138.6455
1502,BRAECA2JWQJZFHUU,3012.1277
1503,SNDEFGEAF4GRHHX8,722.34863
1504,WATE9ZYZTKUEFFVG,7960.3164
1505,SHIE7QCY6ZQSUF6E,5657.673
1506,WATED9T48YVSTAA5,3132.1016
1507,SHIEB85ZA9EMJ4BZ,6742.8896
1508,SHIEARR3DXE2SXRF,3677.6282
1509,TOPEGHZ6VKKVGYNR,6368.2764
1510,WATDXFGTFHHKPBNV,1096.667
1511,SRTEGWKKZNUYX7HW,8382.626
1512,SCREEMC7DYNN5YHF,4485.8574
1513,WTBEJ9RTQQMB9VYE,3409.6682
1514,NKCEAMDRQZKUXEYW,4819.8687
1515,BWLEHTBPHRBSDEYF,9252.66
1516,CAGE5HVNTSEFWCW7,10316.411
1517,SHIE55GT7F6HYXDT,3626.0144
1518,RTRD4D3EGBAYBG2C,1461.0626
1519,SHIE7MGDC6ECGFJ8,3622.1353
1520,BRAEB2S8RRCWFJST,1055.1654
1521,SNDEHZPDGAZBWJTM,828.68427
1522,BRAE7SQFUBCGUCWT,635.45557
1523,DREEGXZ2QN5ZKDGH,5900.5566
1524,CRTECN2QUHW9VFFT,2701.6494
1525,NKCE8VQHVG89RUY5,5830.9224
1526,BALEGFWE2Z7GTDMS,3576.626
1527,TKPEJNDEFYSRZSXF,5828.8794
1528,SHOEHYEAJCGEP5UQ,2323.2188
1529,LTBEJGVNHVHPUZ9G,9563.943
1530,CAGE4GF7UWGZHN7J,2682.1145
1531,NKCE4TV4VCFGY5UH,3889.9236
1532,TWCEGJZKVYZHNE6Z,3944.646
1533,BRAEAZEFXHCKE3RG,6798.838
1534,FABE92NVWSKPDK8W,3772.152
1535,BRAE8UZGKMFVSG2B,6690.118
1536,NKCDZFJMRP2XBBTK,4114.1597
1537,RTRDZ5PJTSHHXGME,7150.369
1538,NKCE7AGZESRQGFHG,2344.7954
1539,CAGEBTJBTNGGDZQZ,4998.5737
1540,MUGE6SYU8QAKS7UH,3753.7917
1541,MUGEAGGKYUB8SYA5,3963.8064
1542,WATDJTR979TAXJJZ,14730.592
1543,CRTECYY4ZHUZ6HNT,5081.915
1544,SUDEHYGUXGNXBNZM,6136.212
1545,CAGE3FX7XZGYHGRJ,3221.0454
1546,NKCDWBPZ9PWWVGN2,2202.8318
1547,NKCDXYFHNXGS6MSE,2728.1704
1548,BRAE3TSHVMCW7NDZ,8220.432
1549,MUGE6S9YZ25CHZRN,2859.9521
1550,PCSEBDFUMFZZQDJW,12698.012
1551,SGEEG7CR5YSTGTFT,4586.137
1552,CRTECN2QVKZ4P6VP,3860.27
1553,BRAEDSGBTTMMSZZM,2990.5442
1554,SHIE6ZSBGF3GZZFF,2737.5825
1555,PTPE62XBPSEHCQCR,8627.595
1556,WATEYUZXN2DHGZ36,8241.182
1557,SHOECK2FYYWUT4KM,4703.71
1558,ACCEDTNRJXYZHZZW,6599.9443
1559,NKCE9336FXG94XTG,1675.0854
1560,JUMEJCDRCWWKBQSX,10224.087
1561,WATDZ2ZQTPKQZEHG,7503.834
1562,TKPEGRKHT4832GFE,3457.4875
1563,RTRDQZMJBWHZCXZT,13329.495
1564,CAGE6HYJGDZQXHQD,10492.995
1565,SHIE8VY9ZYWPUBWV,2355.8376
1566,NKCEABYZYMNATYGH,5053.2227
1567,RNGE4Z3DDZ3YAKSG,6216.6377
1568,SHOEFZXRNYJKPPYG,4806.66
1569,RNGEAHG8GKFRK38B,5055.592
1570,NKCEA4CAMNKWVXTG,5459.1885
1571,CRTECN2QT4YABNGQ,3051.6746
1572,SNDECYKYTBUYUEPU,8486.676
1573,BBAEGGDCFERYAQHU,3527.5066
1574,PCSEDE6ZNWQCXWDY,8094.7373
1575,SNDEJH4DBHFK4N7B,4521.7104
1576,SHIEAW8RHVJNER3B,3383.7546
1577,SHOE9UDJKNVSDH72,4415.882
1578,NKCECZJQSWTUUGXK,4147.5933
1579,BDSEJJCKFGYZR4GS,1911.7662
1580,ACCE8XZMKHTPSVFW,6714.0513
1581,NKCECCMFZVWGAZXP,3466.0078
1582,BRAEDUXKWHZFVQN7,1721.4432
1583,BRAE8RSADX6YHAQT,6806.1797
1584,CRTECN2QTVAGYNZ6,2272.5056
1585,SNDEFKFNCHPREWPN,5986.771
1586,BRAE3TSHVWYHGGWH,8137.605
1587,BRAE8WYHNGG7ZXPM,2080.1387
1588,TOPEHZNSDHHZDB4G,692.9723
1589,CAGE773YKTNBTMMH,8438.111
1590,BRAE2NF6S8WKV2FE,1336.7263
1591,WATDZ2ZQPXHZYQZJ,5604.455
1592,PCSEE4H5GPSUFGGX,2620.3323
1593,CRTECN2QYG6SNGZE,2867.0034
1594,PCSEAH5WAEHFFNDZ,9376.235
1595,TOPEDFTZPFYP7UZU,4327.7393
1596,NKCE7VKYZ8PEGCG8,4887.01
1597,BRAEE6YMBUAGK2FH,4750.401
1598,SHIECKYBQQNHZFZD,2726.8945
1599,PYJEGN9Q9NWSUYGB,8953.106
1600,PBXE5ZJZY2NC256B,2908.4443
1601,PCSEAH5WEFMRTDEX,8900.0205
1602,TSHEG57TG27P9EZM,3439.2349
1603,BRAEGJFXUHYZPDWZ,8487.088
1604,SKTEC88WSNYJKWY7,874.6254
1605,PTPE6GZRTJJCSURV,2880.7786
1606,PACEARXTEE2R8CNT,2720.7195
1607,LJGEYGHD2YPQHQGZ,4280.225
1608,SRTEH2FGBDJGX8FW,1347.3007
1609,NKCEGGFGCKCZS72F,5875.498
1610,NKCE9AZMTYBWTAV3,4511.5244
1611,BRAE5PKZGX8HNT8Z,5828.268
1612,CAGEBTGH3CHD9T4T,4603.186
1613,HRCEHF2CCUFD778C,5256.4263
1614,DREEGSMKFEHFFYNV,6133.2383
1615,DREEADCWZ6XFZCGJ,756.2274
1616,PCSEC86WZXZPEEZB,8599.949
1617,SSSEHFZ34KRWYGSH,2757.4573
1618,CLDE26U5N2TSHREG,5269.195
1619,CAGDTSJUFVMVP3XG,7212.4536
1620,BRAEBB6TWYYGKYQC,2005.4866
1621,PCSE76X4K44HZ5YY,6176.388
1622,BRAE8TFHXNFSGZHZ,7919.091
1623,SGLEGBV4XF6GBWZS,2960.8525
1624,CAGEBXZ4UGZU65ZV,867.91425
1625,NKCDX3BHQDPKVJ9A,3439.6687
1626,CRTECN2QUPXANVU9,2952.0833
1627,FFLEGEXHXGFXZAXY,6759.38
1628,NKCE7HN9F746GK2E,14603.922
1629,ACCEAZCVU9RPHNFG,6811.2554
1630,KTAEHE9KFWXNYHFD,2902.133
1631,CRTECN2QY2WRVENS,6286.8545
1632,NKCEFP3J2FKVYFRG,348.89655
1633,JCKE2HWFZD5HZRE5,6409.0293
1634,BRAE2Z9VJ8B8FAD2,2024.6888
1635,FABE92PZSEPSGZFK,405.3076
1636,WATEYAP3B7Z2BSYV,7328.1025
1637,ACCDXFAJ8NGKEQ5A,462.47192
1638,CLDE9Y64GKDGAAUG,1768.8243
1639,NKCDU4RZRKCZWYQH,951.65967
1640,PSIEF4ATFU6QYETN,4990.782
1641,CLTEJ5ZZUZKHHYDK,7520.6504
1642,JEAEGBX2FBDMZK2N,2294.2546
1643,CRTECN2QTXCGYGNC,4649.9346
1644,ACCE6FZPTNC3UGSG,2688.1638
1645,PCSEE4H5KH5KUBA4,11695.322
1646,CTTEH9FYJFQMB8M9,6031.241
1647,BRAEBXRBXYDKYPKB,3141.6638
1648,WATDQKYFVYKGPAKA,7149.8677
1649,CRTECN2QSTZHJTKF,1405.5729
1650,CLTEJ5ZZMTBYXWZQ,6212.312
1651,DREECRS5RGQZTYNE,4732.623
1652,DIAEJ8FGHZ3K86JU,774.3516
1653,WATEHZN5BG4SUKBY,4799.673
1654,NKCECS3FSXUA56AU,11205.507
1655,SHIEBZ7UE4BXMK98,1687.5125
1656,SMCEJV6XGQDBMGGQ,5719.2725
1657,SHOE39Q6PDKHYY2F,456.9394
1658,BRAE3TSHYTS4FCU4,8160.3936
1659,ACCE7ZK9GP3YCHBP,1759.2207
1660,WATDWGAHG7AHMW6Y,3105.9019
1661,SHIEASFWXZ6H28UY,5348.32
1662,BRAEDSGBPHRAHEMU,8043.26
1663,BRAE4ZWYGGWFKUM3,4227.5767
1664,BAREGGF8NBTFWU4G,2791.5005
1665,PTLEH3D3VTGUCQBK,2427.6714
1666,BALEEZ2A4SWPXJU4,388.71417
1667,CRTECN2QW62MTXAJ,2420.5103
1668,TOPEDTKMHEGYN2GA,595.8172
1669,WATEHZP5RHMMCBPZ,5986.3965
1670,KRTECZHGC97Y3DGK,7974.0366
1671,ACCE6DZCJZ3M2DAT,776.7121
1672,NKCEBUPHUZM4BRWF,608.3264
1673,ACCDSY8EYXYYYYVK,11995.462
1674,SHOE4HKYRFPHCJWX,3473.156
1675,DIAEEUAM8QXHB7BD,898.13385
1676,PELEGNSQYKKHT2ZH,5507.099
1677,NKCECYNZ8HHZHY3N,3987.9746
1678,BKPEGUJHJFYS4FCU,6174.5796
1679,CRTECN2R6SGHFHGJ,6161.8813
1680,DREECRS4FHNBDJHY,5545.507
1681,SHIE7BZ9XWCHEYPG,5638.816
1682,PBXED9Q2MZEQWXCP,10499.637
1683,CAGE5RNE4JVBXZBX,269.20938
1684,WATDZDGRQBXTKHPW,5049.9717
1685,NKCE3Y5PSKAJSBPY,6800.0435
1686,BRAEE6KRWZZGZKHX,3718.2932
1687,NKCDYQ3RC997MHB9,6698.373
1688,BRAEDXUVZPX2RVVP,2474.8247
1689,NKCE8JMCMGCHCYDG,775.6067
1690,SKTDDA4YREGBZDP3,6641.4214
1691,CAGE9A68NZMEVPPE,10171.964
1692,BRAE6NZAQBHWZNMT,225.70319
1693,BRAEAW9HUCVYHBHE,2937.7917
1694,NKCEYM3BHZHMYT7Q,4235.233
1695,MUGEACY8ZBCGS2ZF,3899.2126
1696,PBXECUFGDMEZWMYB,710.76697
1697,ACCDX8ZUEWUKFHHQ,1513.6367
1698,RNGE7GVYZGVHDS2V,10266.724
1699,RNGDTBQUJUCRDTCK,4411.3613
1700,PCSDY5AHHQSXZARH,1369.2037
1701,PBXEAZ85KCZED6ST,2787.7336
1702,NKCE8HSQEKWFAUYS,478.55884
1703,SFFEGEZCEJRG9HVF,3927.2922
1704,JEAEGWYDZYDRGXQF,3839.996
1705,BRAE8TFH9J4PHP2Q,4462.039
1706,BRAEB5BUYYSV9TEQ,1878.8615
1707,AIREBB9APEFZYSFB,7757.1377
1708,SUIEHFNUU3BDCGZN,717.115
1709,WATE9M3RRRKZK4FD,632.6431
1710,BRAEGJFXBGRJKXPN,7459.3726
1711,SNDEDF6WMSQJEGFN,7918.3306
1712,TSHEGG9KQHGQEZXS,5378.9224
1713,TIEEHZDEDRUH6NMB,3190.0088
1714,BRAE9C3MZZ7SKKSH,7644.334
1715,CRTECN2QYAWB9FPE,3564.436
1716,NKCE8T78YZYEQYDD,3091.1711
1717,RTRD7XKFDBPBR6CV,574.8671
1718,BBCDPFZM6V585ZZE,366.1924
1719,PCSE5VQ3FBAPKERB,6853.191
1720,BRAEBADVVRBUXZGN,5686.088
1721,NKCECB9KEYRV2SU2,3591.5881
1722,SHIE9GH8DZF3APB9,5050.172
1723,BRAEBXRB322WRYZF,9798.393
1724,RNGEDAKEZXMAXYKB,9246.677
1725,MUGEAGGKDCJHRYBY,874.059
1726,NLPEJUMTYT8BP983,482.68625
1727,BRAEARZHZF7HFYM6,2006.3518
1728,ACCE3YFFQY82H72D,7945.276
1729,NKCE5TFVTYJC6VMW,7375.536
1730,RNGE96Y3FNJ4TVSA,9606.739
1731,CRTECN2QTGFWHYBY,3417.107
1732,SNDE3SNFMHARS463,1115.8025
1733,PCSEC86VYYXG23ZB,10129.129
1734,TKPEG6PZEBEYFB2M,11022.647
1735,PCSEC86V2P4M3TXC,8834.456
1736,PSRD7NKJGFMGAZQG,5042.8906
1737,SGLEJJA6TVC2KYUH,1165.0221
1738,BRAE8WYHNJ2B2ZEJ,4118.9688
1739,PBXE6P4FHJJCQZXZ,5885.47
1740,BRAE3TSHZGWGT6WP,6189.716
1741,WATEHZP3ZA9YT99G,615.47845
1742,BRAEE4H4XNG34W5Q,3464.772
1743,CRTECN2QZSZMM3YJ,1713.3951
1744,ACCDXFPFH66QGGR2,18249.838
1745,TOPE89Q4SYQXFGXF,3476.2886
1746,NKCEBMDCUWFNR7ZC,1190.3259
1747,NKCE9AZM5ZMSFXSX,3771.496
1748,ETHEGYSVEZSH5HUG,3933.332
1749,CAGEBTJBAQKZUVQD,8566.529
1750,RNGE7M92H9QHRKEX,9965.963
1751,CAGEAFDBEJY56XSE,500.21588
1752,HKHE5QUYGQAWURCP,4223.122
1753,PCSE4V8HN6NGMFBH,8998.715
1754,WATE8E8PMU6ZRZGZ,408.05646
1755,SNDE2RXYKZZAMNGT,763.9039
1756,ACCDXFA6DYGMS3FZ,5750.54
1757,ACCE6DZCAGSQEW3B,8061.5522
1758,BRAEDQEDVTAKHTX7,1309.6631
1759,TOPEBYXVCYTBF6MX,5842.229
1760,PEAEETEJMJZ75EVG,353.07446
1761,CAGEBXX7YEQZQQ2J,918.6442
1762,BRADM8DWS52HEGJV,5836.371
1763,SFFEGJZQHKNFMPG6,1599.3159
1764,TOPE45NZFFUDHKZR,5494.6963
1765,PCSDY5AFQE42NNTK,2531.0876
1766,NKCEANMPRRRUSPZE,2894.274
1767,SNDEFV8ZSKGTFAAC,4227.2085
1768,NKCE88AHMVQHFZHU,961.4477
1769,CAGE6FYKGSNJWBG8,1237.6123
1770,BRAE9WYKVTCZYNUB,1046.4685
1771,CAGE7CZR6ZD9RT3K,9998.714
1772,CAGE22EEX2HKGXFQ,4005.4126
1773,JCKEG4AKNM3HP3MG,4936.096
1774,CRTEA7HANRC9HYK3,9710.426
1775,MPLEJEG8SDGZ4GGP,1129.5681
1776,ACCDX8ZTH89YR2ZF,1917.1406
1777,CMTEJQYQEU2GBD2V,4214.353
1778,TOPEYY5YQGGRWGGZ,5529.304
1779,TOPEG3ZFYPPG9HZM,4942.7524
1780,NKCEYTXEPHXSXDKM,4121.835
1781,ACCE6TJTBHE6YHDJ,2496.2534
1782,SUDEHYGUSSZGDBRQ,10025.479
1783,PCSEAH5W6GBGTD9Z,1111.8027
1784,ACBECFGT74DBRJRT,2535.3481
1785,PBXE8WPTPZSCW8UP,3092.51
1786,NKCEC86VG3DP9ZGQ,2061.3005
1787,NKCDYRHGGJUVZ7WC,1563.8693
1788,TOPECUYTF7XTXND3,2717.1365
1789,ACCEGF6WWRAUMRPT,1472.5592
1790,MUGEBFGF4ZDPGTZZ,4224.7627
1791,MUGEB7J7GPWUH6Q5,989.2469
1792,NKCE7MBRTAZB2DB5,9160.109
1793,BRAE8VUUYMWAYSCK,7930.0034
1794,BRAE5F3KHPGUMPCW,6865.6587
1795,NKCE69P8JR2ENBAG,2400.1384
1796,MUGEBJ7XHN9UYUH9,4094.5762
1797,SNDEGGQ2QZ2HMFYB,6415.4688
1798,BRAE7YF6E3PH9JGW,5106.0107
1799,NKCDYPDSFAFRAQ9T,7088.1963
1800,NKCEBZNZXXAKBVMW,3040.9316
1801,SGLEJFM3XXXGKXDA,789.69556
1802,SHOEJGFU7RXZXFEM,3507.1829
1803,BRAE9G83CUBM56TA,5830.5845
1804,PBXE9GF9XZTGMCRG,252.15948
1805,SHIEFFFPVBQK6GBH,8953.391
1806,CRTECN2QZ3XEUPTT,538.3152
1807,MUGEACY8NCCXXWJZ,168.20029
1808,BATEGR3ZHKPGMHXD,5789.014
1809,NKCEA4CAU4WH8RKF,3480.6191
1810,ECOEH4BXGVMBYEMG,3373.3706
1811,SHIEBFXDQYHQAUQF,5831.1665
1812,BRAEFR6J5FJ4FUZY,5450.106
1813,NKCEAPCVJKG8J283,3570.005
1814,NKCE4VA4M2ZKZGUY,7821.3496
1815,TSHEGZKMZYGHZPRV,6466.2324
1816,TOPEBWGFN8MFKKKE,3408.3875
1817,PCSEAH5WHJCJWVQE,5587.722
1818,BRAE6AV3FZNGNTXH,2431.1814
1819,TUNEB7FU74F3UGVH,17101.348
1820,RNGE7M92BFXHH5VT,1590.138
1821,CRTECN2QYSAMMGRW,1469.3495
1822,PCSE4TF4DYGDKZCT,7792.7866
1823,BRAEE6YMRVXF3HNV,7981.9653
1824,BRAEBCY3WXYZEGBU,5455.345
1825,JWSE6GH6HKQFXTTD,5344.444
1826,HSAEH6FCCGM7HKUQ,4726.966
1827,BRAEBBYRCKVHHG7Q,5274.017
1828,SHOEAPT3RUN6RAJ2,510.84018
1829,CAGE9ABAGXS3WZDB,5390.5356
1830,RNGE65FGMRNRDSNH,8058.9395
1831,CAGE22EETSQPZKZA,8545.174
1832,PCSEDPHM4G7WAYBA,10118.871
1833,RTRE2TYNWTGTPE8D,2864.8792
1834,PTSE4ZHEZTF7UYNK,11546.629
1835,SCHE7YGX8SSZCHA2,767.1791
1836,WATE6S3AZNHMPTJA,8405.043
1837,SHIEY6KFSWWZVUVT,4328.465
1838,CRTEA7HAC5HFBYGY,2504.6882
1839,SHOECK2F25ZZS6GG,5046.2344
1840,SHIEHZSPHYJF494X,5553.3237
1841,BRAE77MQQGG9VQVK,2438.9014
1842,BRAEBHDVYFH5AWYH,7372.5337
1843,CAGE5GE5YRY2YNDV,2232.7842
1844,BEOEGXRWE4NDBJNV,6114.683
1845,RTRDNGVMCGNCTWUU,5376.229
1846,GOGEHZ5P5XDZ2UZF,4805.0396
1847,SHIE7MGDAS5B4JEY,3620.8682
1848,CTTEH9FUH3GKT3TF,3101.701
1849,TMLECXEQ9PJUZGTY,9471.127
1850,PELEGNVBZXXXKDNZ,1252.7206
1851,SHOEFSE2WAFKZFHX,5031.084
1852,TSHEHU5RBAFXVFHK,5493.7163
1853,FSEEHAGGGFHQJKWB,10594.151
1854,SWSEDXEYKZKKEMSC,7688.24
1855,NKCE2MBFEMAJTEBD,2144.3296
1856,WATE8GDGPNKRTURP,764.37494
1857,WATEB2FZUMQU4W7R,905.56714
1858,BRAE4YXVJ86CZF6F,1641.3843
1859,KECEGTXHVYW47ZZD,4053.3992
1860,PCSEAKVBYGBZXKNS,8221.459
1861,NKCE5QSZPBG9THXZ,3778.4717
1862,NKCE6SR4GUG326DS,1368.3864
1863,CAGE9ABAFWTJFGVY,615.32007
1864,SHIE4T77GMCNHFBC,2009.3618
1865,PBXEACG2FBGPQKWG,3636.666
1866,BRAEDSKC3YRYJZCR,4386.654
1867,PBXEAGTNVHGQT75S,12801.865
1868,TOPEBTGCPSWPYGRM,7982.084
1869,ACCDQDYBQZPEEXTY,17894.748
1870,WATEBSZUTGAQBCFN,1126.0809
1871,CAGE9ZGYNRZCKNEF,6238.5547
1872,SWTEFZCKAC4MABVZ,5651.821
1873,RNGE87FCF5VXWTKH,4931.282
1874,LJGEG57EHMYZQDZU,808.99335
1875,SHOE6VH5FY6TXG62,2213.3345
1876,CBREGH79HVGFZQYW,6623.988
1877,ACCDWGG3HSCGUN9V,4785.9194
1878,PTGEGUPYWSZFTDCB,4839.143
1879,SHIEERWHHPMWHPWB,6292.829
1880,SOCEGGZ8MHX79YGA,1560.1189
1881,NKCECQYZXR4K76BH,10851.727
1882,WCKE2TFYGMCEPV5G,3492.4487
1883,JEAEG7CFYNZDJEVD,1074.5259
1884,TOPECY77GYMZDRGX,3513.215
1885,RNGE5GSJTGW5V9CQ,14961.416
1886,NKCE49ATDNH39ZYR,10857.418
1887,WATDSV3UMUNAXURA,10710.369
1888,BRAEDFYYZUQJBTEH,4698.432
1889,JEAEGF6NVGBFHSHH,4914.4336
1890,NKCDSCF3GCSWCNMP,13027.398
1891,ACBEHDUBQHXTPAVK,3312.4377
1892,NKCDSCF369WABYU2,12303.937
1893,BRAEB2ZTUJJFFQTE,5305.784
1894,BRAEDQFRTQFYPJ2Y,3825.4695
1895,TOPE8Y6THTGRDF9D,3461.778
1896,TOPECAE3JJMVYJFF,4870.2036
1897,NKCE5DGMUGHTVMW5,2602.225
1898,BBAE9ZSFDZ5JEFGA,6458.9795
1899,NKCEYYX9FZWBEGQF,3712.0796
1900,TSHEGHHU6C28JJUH,6964.283
1901,MNGEJHG7AVRHC8VF,6975.4478
1902,CRTECN2QYV9WPJUC,5078.3496
1903,AIRE98PZQXREURYP,4917.807
1904,BRAECFARH6PZ4J4W,2956.317
1905,SRTEHXSHU8DXFRYM,4528.1777
1906,RNGE7GVYGYRGX5VT,6786.862
1907,TSHEEDY3HY3Y2HAM,2521.062
1908,ACCE5HSSFHVYZFGH,3527.466
1909,KRTEBKQJFWMZHRRF,9978.79
1910,NKCEC8AC6XFX5NGF,1998.3911
1911,RTRDGGQ754BDWH7U,2300.167
1912,BLAEEH2ZH8PNRD6M,7544.0854
1913,NKCEAGXHHF2ZFZEZ,5078.7495
1914,PBXEBKWJEADHCZVN,3419.3398
1915,ACCEGZ66PXG5AHHJ,4859.2544
1916,RNGEH4G46M4DTFSM,3744.316
1917,KLSEGUGFRDBSSEDM,1075.2693
1918,NKCE7KY4YRMECRVN,3482.606
1919,NKCE6ADEKEGUHPCP,4073.7905
1920,BRAEDSGQ92HDFACZ,6163.7686
1921,WATEHZZXEGZEZZBQ,3557.8953
1922,NKCE7MMG4PWWHFM7,2704.0764
1923,NKCE9Q93GVK3B8MZ,795.46106
1924,SFFEGZBWFGFTGYY9,6535.577
1925,ACCEHR4HMGHFRQAC,2786.4556
1926,NKCE2RPCBRZFJZZM,1087.1794
1927,CRTECUWZXMV2YZ9G,2539.7866
1928,RNGE9GWQJSAAFF48,10407.039
1929,WATDXFGTP3FEMGEH,11870.002
1930,TOPE5WX3KMNXGUGM,5568.6987
1931,CRTECN2QZFVWZMTY,1578.7118
1932,WATE26J7Z9MEZZKH,14940.815
1933,NKCE5EF4H8C5MCGD,2023.6075
1934,TWTEHH2BCWXHVTHF,3467.0735
1935,MATEHF3PGYP4ZDPB,8560.713
1936,PCSEAKVBHWNWCHGU,6433.864
1937,NKCDRDWASY2HY4V8,9647.917
1938,PCSEAH5WDKWZZ2AU,5822.8228
1939,SKIEG6VFMGKXVBDQ,6301.0146
1940,TMKEGWTM9RBGGFM4,4724.977
1941,TOPEHFGNNEE2ZGBU,13488.449
1942,WATDYFQ5UHW3SK4N,9395.341
1943,NKCDU4RZDXGZHGGA,3840.285
1944,RTRDVFAPZMNA8CHC,727.48535
1945,MUGEBFGY3HVWBKY4,5730.697
1946,ACCEGYPF35GBXNGB,798.64984
1947,CAGED6GK44DCXKZM,4746.2173
1948,NKCE88AHRCD7KNQT,6315.5635
1949,BRAE6ZCHAQFRYMQY,1479.7196
1950,CRTECN2QUZSRCEN4,3953.5002
1951,PTPE7JZCBGGKPSGS,3419.7168
1952,WATEHXGUJCYK88TF,1036.6548
1953,SHOEDP7ZGYFKGWNH,873.5766
1954,DRPEHYHMFE6G3XZG,4333.868
1955,WATE2FAHSMPK4TPR,5008.201
1956,NKCE9ZGXYYRZTXZS,9675.885
1957,NKCEANMPGYRNMZJP,3533.4883
1958,BRAE2NF6XGU42KGQ,4982.5024
1959,SHOEFPMKKVP2SVZD,5074.2295
1960,WATEHYHPZSDEGFBT,4441.6626
1961,ACCEAZCVBHKKDVMZ,6337.0527
1962,SHIE4THTCWNHTZXM,5231.331
1963,BRAEBXRBCCJAF72G,1065.5776
1964,WATEHZZSSCU4YXYG,3412.382
1965,VLBEHHW6ZWDUZNAJ,5641.9937
1966,KTAEHE9KFCMVVSBN,3823.4185
1967,SNDE9HRW9ZVPG9A6,8219.674
1968,PCSE4A2ZBHGAVCDF,1195.8676
1969,SHOE4UC3MJZF3VFJ,4620.207
1970,JWSE9CZDPATTCRX7,7781.086
1971,TOPE8YMASZEUXPRY,5422.417
1972,ACCE8WYMVWNXBBAH,4006.6045
1973,JWSEBCY4HHXYGZJG,6217.509
1974,NKCEDFNHMTWNTVHA,2186.9473
1975,TOPEHZNZ9YZYYAPU,3608.994
1976,RNGEDAK2HFRD72HE,5557.862
1977,SLIEGXZYZTTSZD9C,4091.8914
1978,NKCEDCT9X6VHCF37,2940.6624
1979,PTPEAT32YEZ7G4BB,4387.2803
1980,CAGDU85YYWZHHNGT,3527.748
1981,BRAEGJFX7PSVECHP,4831.1567
1982,BRAEBG4DCHJMRYZZ,7115.135
1983,RNGE864HQQUYJQHB,5513.5425
1984,PCSEC86VHTYFJHUW,7250.678
1985,SHOEBYZGZ682N4K2,2637.5234
1986,BRAEDX66GWPY6KJ9,5677.147
1987,TOPDXQWEF87REHYJ,5551.716
1988,NKCECZG4URZY9DZ5,3133.0088
1989,TKPEH9F5BQTQAMSC,6097.499
1990,WATDZ5HGF5UXGZVG,9616.852
1991,BRAEBBYRYTEEDDA9,10598.988
1992,NKCEAFM7PNFKNZSH,3959.1072
1993,TOPE3NVYKBXFRYSG,5043.942
1994,NKCECGVAMX6ZGEVH,2491.831
1995,DREEBAQ9YMYF2Y3N,4927.729
1996,MUGEACY8EVX5VAMD,4332.891
1997,CRTECN2QSZFWPZFY,3607.8389
1998,WATEYAP3GD6VYR5U,8220.029
1999,RNCEGE7HZZRPMSRF,676.6957
2000,ACCDQDYBNKEVMMCU,6238.79
2001,PCSDY5AFFB4EXAX6,12209.622
2002,NKCE9G2BHRUF9TWB,4605.7744
2003,BRAE8TFHZJ6A2FFZ,2253.5745
2004,CSOE7JP6ZHUG9HZR,3411.672
2005,JEAEHYZMPCBH3HCZ,3968.4702
2006,FABEAJUHKKTRCNQX,3126.0232
2007,JEAEGFMQSBYX5M4A,7217.853
2008,NKCE9YFCMXP7QXRN,6450.2617
2009,NKCE9TBYPBNJYZRS,291.0843
2010,ACCEDNXYRZWBPFDF,8601.448
2011,SHOEHXFAMFH3PDHY,3834.8396
2012,PACEB2XUZJWEY8BH,4603.4883
2013,NKCE6XU6USJZXSB8,11382.944
2014,SWSEHTRZKX3HZCMJ,4305.222
2015,PCSEC86V2Q6P7PAB,6371.1187
2016,NKCE6GJ5GD7KR8KZ,446.92032
2017,CRTECN2QUAQVZREG,3248.5232
2018,CPCEJCCPYGHSTWTF,6100.021
2019,NKCEBBEYX8NWRXHA,3813.7432
2020,BRAEBBMQWK9K65UU,1993.2902
2021,CPCEH2BTGUYS5XJB,4195.1323
2022,WATE3FAXGFHMASYX,3077.9294
2023,NKCEB98T6AZZCH8H,6578.0654
2024,RNGE7M92NWJJEHDD,6433.674
2025,RNGE8URWFPRT4QZ3,7485.581
2026,DREEFFG5PA6AVFH9,5630.309
2027,DREEGNWGSHTUKCZM,7704.136
2028,LJGEJ3G6J6Y4UUH8,5994.1934
2029,NKCECZFZNVGGSVBT,5492.295
2030,ACCEGZ6BDHTWARMS,357.64877
2031,TOPEDFACGQGAAAST,4146.766
2032,NKCDU4RZCR2FGCCU,3530.1633
2033,SHIEBQF6VHTX2HYZ,5794.161
2034,PCSE9Q6VCVMWRAPN,31.198023
2035,PBXE9A6DECDDMJHH,867.0172
2036,SFFEG7FXSSCPUMFQ,440.2285
2037,NKCEDCT9Y2YDXE7H,5907.421
2038,NKCEBMDCG3PEZTHX,11882.755
2039,CAGE53FSJHRA3SKZ,3965.7747
2040,SNDEE5FM7FEKDRKR,3832.9534
2041,CRTECN2QWM2RYWZ6,2943.0554
2042,CPCEJMKVMKTJ3WHM,5579.23
2043,RNGEDAPTVZZTHMY4,5806.803
2044,TWTEHH2BXEHVZD7E,4528.188
2045,SHOEGAJFAU2N5RUR,6180.9956
2046,TROEJF3VVVJHAGBJ,6744.0894
2047,BRAECKHYM8BYAKHR,6487.8984
2048,NKCEBGJZEMQ4FK2F,3357.0142
2049,SHIE93F2DYWFVQNG,2359.4453
2050,ACCEAZCVJZFACTYS,1899.6815
2051,CAGE4BQYUXBFXZVF,6719.6714
2052,CPCEJMM7HWCNNGBR,4910.575
2053,NKCEAVZ3KGJFW6FS,10869.394
2054,CCVE3Q2TBZRQYZSZ,678.7636
2055,TFHECYGAREJ2ACWS,5108.538
2056,CRTECN2QTH5UTZFQ,2038.5148
2057,NKCECXEAF6GMGJTF,6017.0146
2058,CRTECN2RFMUGEFRZ,2885.8381
2059,NKCE8HVPHGWPPMQJ,2940.742
2060,MDYEHDH9HMZPANGJ,10315.076
2061,NKCEBFWTSPVWSGXF,818.302
2062,SKIEG49YYDQ2QDKM,12040.546
2063,NKCECZMAXJZH6XJY,8696.516
2064,WRSEGHG9XGHVRSJR,7326.9204
2065,NKCE9G2BYZGJGASJ,3967.1506
2066,HRCEGVM3ENRZXEPB,7651.5596
2067,NKCEBGPNHGQFQWSU,4203.2847
2068,NKCE9YFBD4MBHHWZ,6113.442
2069,CAGE4Y4FZ7H9JZTB,434.1268
2070,MUGEGZUNY75RZUNG,1665.3384
2071,KRTE5RNER2AGFGCV,2515.8276
2072,CDSEG6ANKKXHFEVX,783.536
2073,SGLEGBV6ZYCNDR8F,5939.8423
2074,CRTECN2QXZCWFWHR,3673.4797
2075,ACCEAZCVWMCUN6MZ,995.58716
2076,KTAEHE9K8CQJMQCV,3008.309
2077,PBXEACG29J4ZFS5Y,3031.7397
2078,PTLEHK3XF6HH8ENC,1089.7001
2079,RTRD3849TERR75YB,199.4562
2080,BOTEEMN6NM57HSBU,2777.9902
2081,PBXEB34ZWNXHWUGV,412.7161
2082,NKCE38HCHH7XVHZ7,950.42096
2083,WATECGG4W76YEBUB,4852.9966
2084,KTAEGX2WM2MBUSHJ,5894.358
2085,CRTECN2QZZACHGYQ,2378.635
2086,RNGDVVYB6RGSAWRZ,4227.589
2087,TSHEHU5RKERGP5SG,4954.4097
2088,MUGE8S9KB8DUER6P,4300.447
2089,BDGEGEGDXYHYAJQN,6522.0776
2090,BRAEAZEFXGVCTJJN,7825.087
2091,ACCDQDYBZEQG6HPZ,8101.3047
2092,CAGE6FYKT4NSENUS,4627.335
2093,LBXEHYZYWMMQA6HT,5790.8247
2094,SHTEDWTVCEUBHNJN,8213.289
2095,RAQDCNWAGART9UVZ,3417.2717
2096,SRTEGYXHGCTXUBD2,6856.3433
2097,NKCDYRHGDS3PFHWZ,2025.1012
2098,RNGE86J7FRTSQWCR,5858.0522
2099,CRTEA7HARUAWC7VG,2779.0503
2100,PCSE4SFFZWMNJCAG,13657.301
2101,KRTECQSNY3GFESAZ,1066.0273
2102,CRTECN2QU6HG98UZ,2960.4849
2103,CTPEGGFSTGPEZEUZ,5542.306
2104,BRAECKHXH8BU3HBY,7241.401
2105,BRAEE6YMMWFFJNB9,1096.421
2106,JUMEJB3YYZM5HSPR,581.1825
2107,SHODYGFWEWCG6S88,3953.5356
2108,SNDEDKKXMX8ZGVQR,5833.815
2109,PTPEY6JZGMWZF8H3,5939.6245
2110,TOPEH3KTNUUZHJEZ,3262.524
2111,VPAEHT6TNFR6FWTQ,1706.0342
2112,CAGDUNH36EAX85G8,5297.703
2113,ACBECFGT5ZWMXAVZ,9074.812
2114,NKCE4CSZWA3EAF7G,427.3213
2115,BRAE5RZ6UGSFD9HE,1171.8677
2116,MUGEB7J7SPWJTRDC,1893.9928
2117,PTPEFMKUTCGZB5G5,3049.1917
2118,CAIEGP4YSZ4GNUV4,4412.172
2119,NKCDWBPZGZW7X3MH,5032.4473
2120,SWSEH99SSMHCNFQ9,442.70166
2121,SPWEJ8JHFG9PTDUF,760.83246
2122,HMBE7G34Z5CGHWYV,1264.3828
2123,CAGDTN27DEWJYUHK,805.9133
2124,SHOEYVXVYAVXACCW,3236.5894
2125,MUGEACY8CDCZTUMD,3370.4495
2126,ACCEJR2FXPFFX5H3,6020.9907
2127,NKCE5MEFYG3PUGXK,3035.8347
2128,ACCEGZ66Z3SSJEGS,1124.416
2129,OTYEHQ3FPHGKV36X,3838.6843
2130,RNGEDAK8ZDN2J4FC,1307.9161
2131,DREE74XGZFU3T8TH,3167.5828
2132,CAGE6GQCCDSWABFT,4117.0303
2133,SNDEDGBMM8UGED7W,2566.0918
2134,NKCEDCT93M9UCFF4,4426.2593
2135,BRAEBYMGFCDFCEJX,996.10645
2136,CRTECN2QTARWPXSU,4587.5747
2137,PBXEDDEFV2FSNH4S,17097.455
2138,VESEGZRRFGMV9JRD,4935.016
2139,BBAEBSGBZHAAQNSZ,4511.1396
2140,NKCEAFA9TT2YCXGF,628.3988
2141,ACCEGYP2U9GYXRBX,4016.239
2142,NKCEYUVRC28U5CEK,6802.7974
2143,SHIE9HH3AFF2GXZD,4422.8447
2144,NKCE73V3N6ZSSGKT,1050.6339
2145,ETHEJG9FWZ7NZ3GK,6599.185
2146,CRTECN2QWA68UMF7,4679.1875
2147,DRPEHYHKJX3VJS4H,4466.627
2148,NKCECFGDJGFGXYK3,338.10672
2149,KTAEHETWZZ5KEAT9,1690.146
2150,CAGEBTJBTZ9HK4AU,1174.6188
2151,NKCECKHYH64EPAVZ,3584.2437
2152,NKCE9PFFUGQPHF3C,8145.4536
2153,BRAEDSGQVKFWUWVQ,8202.441
2154,ACCE8XZMD6J8HBY3,6665.4736
2155,MUGEAGGKUQE2HYPZ,2371.7031
2156,NKCE6GKJTFMH5P4N,3217.3425
2157,NKCE9PFFZCSSMMYC,4941.0215
2158,NKCE9G2BZYKFA4UQ,3502.3813
2159,BRAE6ZCKBUYE9PTV,1957.5858
2160,DREE4DF4AD9ZZHEX,867.05585
2161,NKCEAY3RNC2QTZXR,1481.786
2162,RTRDRDPR9JHCSBGH,7024.818
2163,PCSE4FKCZ23EPQFS,8193.627
2164,PBXEBJ4N3HJZ7R3G,2900.634
2165,LJGEJQ4MHZZTHGPQ,4214.12
2166,DRPEHYHGNAF5UYUQ,4559.1533
2167,BRAECVGYZGZT5VU5,2259.2683
2168,NKCE7MMGPQTPZZ4H,2447.664
2169,TOPEYZ3FCMTYGPVF,5749.916
2170,CAGDU85YG8UZE7MX,1873.6727
2171,BRAE3TSHZWSBH2UD,4737.8413
2172,RTRD6FYY7B26SHXC,587.3505
2173,WATDGFAQCFCVSJPA,8570.822
2174,TSHEHU5RZMHH3AHV,5383.4785
2175,HMBE7G33NPATJGH5,1142.5541
2176,BRAE9RDQHWKAKP3V,7383.7007
2177,BRAECTFYJJNYCY3X,7050.9663
2178,PBXEC8ASYZ7YS7EZ,424.77048
2179,TOPE45NZKEMCDZXX,1511.8077
2180,SHOE2FQCMD3TAYMF,3662.7944
2181,BRAECZZTSHGQZXDB,3355.1428
2182,NKCE9PFFKH97YNZH,4707.6377
2183,NKCECGT3NM7QF8WE,6902.614
2184,CRTECYY4GWBEETBG,2606.4978
2185,NKCEC8ANGCPBJRZ8,1049.314
2186,BRAE8JUGDZBU9VR7,6445.0933
2187,NKCEBUPHRGF95VC7,1755.6758
2188,CAGE68FFZ2ZWZVHQ,414.33725
2189,WATE2FAH5NM8VY5A,9003.033
2190,SHIEHXZEFKZK3FSS,666.01447
2191,BRAE6YVWZ6KH2ZBQ,2992.0386
2192,NKCEF9GTBBTUSVTS,8278.027
2193,BRAE3TSHYRVTD8GA,5654.992
2194,TOPE4VR5DXAHVAG8,4836.622
2195,NKCE5YA94NVQ6TQ2,585.11145
2196,TWCEJFXHKFKVGPV7,6677.2227
2197,SHOEAVPFUVHJJRHT,2400.6343
2198,RAQDEHGUB5VZTC8H,3205.24
2199,SHIEBZB4D4GDYYRS,4358.667
2200,NKCDY44FCVDHFMHM,969.9532
2201,AIREFFFUHNZVZQVR,6242.3174
2202,BRAECKHYRHKCKCKK,7945.5703
2203,RTRDZBJ5GRMDUZ8H,725.0645
2204,RTREBTANEFURUPYE,6600.8525
2205,NKCE7ZNGGKGZKEYG,535.7376
2206,NKCEAKKRNRCZZDV3,5003.4604
2207,FABE92NVEAZSZ5ZP,4552.675
2208,NKCE9QTMY3BFZCQD,3196.2747
2209,LJGE9TGN9YHYZEEF,4470.975
2210,WATDNJVHHKXKVRGF,1683.5887
2211,CSPEF6X75KQDJNF2,2267.041
2212,NKCE4VA49YHSX6KW,8017.509
2213,POSEJUA75X5VGPAJ,7424.3516
2214,PBXEA92SYTPCDYMB,517.25946
2215,NKCE3KVS9DFHXFPH,3923.6455
2216,MUGEBFGY49MKHHRT,3081.332
2217,HACEGPF9FDKV3EPK,5336.2715
2218,TUNE6BCYWTRKGGKA,9054.095
2219,PCSEB3FAUUWKEPEF,8151.711
2220,NKCDU4RZ2GGYUJGM,888.004
2221,TOPE8N3AF8HQ4GYA,5997.4443
2222,PBXEAFRYZSFHZ2CP,1050.7952
2223,CAGE9ABAQS8WKHHY,479.35785
2224,CRTEJUA3CYHVYNHD,5931.719
2225,PCSE4V8GWTGYMVFY,6163.8574
2226,VASEG3YYGEKHXWN6,3702.1943
2227,JEAEGGED6PZQCGTQ,2073.2886
2228,SNDECRS4R3DV9QXU,6842.116
2229,PBXDT4FTQGZGVCNC,2801.1782
2230,BRAE6AV3ZZQHKDCN,7506.395
2231,CAGE8PKGBKNCYKJK,1343.5889
2232,CSOE2V29ZTH5A3QU,3638.0513
2233,BRAEAW9HSZNM5URR,1110.7826
2234,BBAEGGYMPH6QYBFF,4146.3384
2235,WATEHYVPGMHURTKG,3171.107
2236,PCSDY5AFGFAQNCY9,1437.4186
2237,JCKEEAEZMGBEXQFK,4967.308
2238,WATEYAP3S3TD5EMR,9766.3125
2239,SHIE8M9PWUF5H4SF,7205.527
2240,LPBEJGFEZNV23SVG,1738.304
2241,PTPDXN7BGMQBZUTA,3900.8877
2242,PAEE7ZWAGCXEKY8B,7719.742
2243,CRTECN2QZHEJ6WJC,3343.7231
2244,FABE92NVZGEQ4HY8,2331.5337
2245,RNGEDAKEG2DV5Y5D,6217.8203
2246,JEAEGEFMHBQGU5NF,2221.8018
2247,NKCEAY3RKEPGNWWV,3498.8923
2248,BRAECKHYUPMRFRTZ,904.1524
2249,PELEGTPGEMCWUGS8,4077.1182
2250,LINEAVE2XKZNANN3,2819.3083
2251,RTRDNGVMAKRQKH7Y,3059.029
2252,NKCEFG3D8UWFGKGE,2644.2126
2253,CRTECN2QVUET9PQ8,3175.6848
2254,JWSE346HBDCSUGR6,4797.4
2255,BRAEA2E7XHZHG2AG,1650.0262
2256,PTPE2SSXSTFH6HYY,4911.128
2257,BLBEJR22ZT2WUKBZ,8767.236
2258,MUGEBFGFRPNWGQTD,1330.9121
2259,PCSEDP3UF6EYPZZX,460.7257
2260,ACCEGUY72CYWXAEW,4038.294
2261,MUGEACY8HGXBNPB7,4175.6675
2262,NKCE5VAAU2Y7ZW2Q,1535.3721
2263,NKCED53EQTZ6R4WQ,2501.308
2264,PCSDY5AFPWQBABVU,8023.5767
2265,WTDEDGHHGDEPSSRR,16704.947
2266,SHOEHEP5EWSGZ7XA,3560.428
2267,RTRECEYMHGP3JXFV,10535.288
2268,PSUEJA2HRBPYHA6K,2743.7495
2269,TSHEDF3HADCJKGWD,3908.9612
2270,NKCECGT3BZDXZ3ZH,180.23102
2271,SNDE85CH2PN36BUZ,8285.842
2272,SHOEFVT74G5BYHDY,927.7525
2273,RTRDA4U7UE3Z7UMB,400.16458
2274,NKCED6EXGZZKTGD7,3351.5037
2275,PCSEAHJCVPRUPVHX,2363.738
2276,NKCDZFFRZEEMHAFJ,3314.489
2277,CRTECN2QVVTNPXXN,1528.1936
2278,NKCDSCF3HNMXRCF4,7757.9966
2279,NKCE8JXSHFBBQDKY,3360.4897
2280,SHOEF9G8CVWHRH5M,540.43445
2281,CAGE2MACSYZCWHFG,308.18494
2282,TSHEJT2R2XQJN8D7,7032.4365
2283,PCSE6SJGQCXQGC6G,7425.397
2284,PLLEHQUGEB6D5FCX,4546.1533
2285,RNGE7W8T7MYQQEFR,1144.6963
2286,NKCE96SXDYMGSFBR,1268.08
2287,BRAE3TSHYGDRV2UC,1259.3108
2288,FABEJX2NHNKCYHKA,467.1545
2289,BEMEGFHSMHZYNZB8,7495.1553
2290,WCKE2TFF4ZYGXUMH,794.5737
2291,BRAEDZ9GVZHWZ5BG,8177.4336
2292,RNGEH3F2FAPU3TAG,2107.2512
2293,CRTECN2QTPZCMCQD,3380.5833
2294,HACEJQ7HRGNBYCEH,4192.8584
2295,CRTECN2QZMHEU2J3,7175.5435
2296,DKOEAWE2SCYPC5AW,7849.4775
2297,ARPEE3YX9Z4QGJ86,2305.509
2298,JCKEJNH2AZGKWGZC,4713.1987
2299,BRFEFY5BN9VHU27H,1547.4752
2300,BRAECKHZWAGBVZXH,2876.6328
2301,NKCE9HF3TENMYXZY,3348.3157
2302,PCSE4SFFJSWJZVH4,5690.912
2303,NKCEBHGBFEVC2ABB,6121.8774
2304,MUGE7DUFEC3VUZMF,5634.5293
2305,GRKEG4UVAZTGYWRB,3762.0637
2306,TOPE4ZKTSBAEXGFR,3925.0415
2307,PBXEAP3SWFZRHZ6G,790.2542
2308,NKCEB5BVMYFMHAQH,1501.7379
2309,NKCE3HG8FDBHK5GX,3759.1074
2310,SHIE8WYNYRHSFCRR,2913.7903
2311,NKCDSCF3QD5EGFJ2,5449.8687
2312,TKPEG27A7Z6JWK6Y,5956.078
2313,CAGEYFZW7F56GWZP,690.35614
2314,FCTEJXGUNGMHANE2,7962.238
2315,SHIECYFWJWCCHHQS,2627.3372
2316,RTRD6FYYUQZJBY6F,4238.07
2317,PACEB2XNEBZTJZZG,2209.7246
2318,SHOE2GUHSZRGGZYY,5065.6934
2319,ACCED55XRZT9N2HH,910.14014
2320,TOPEGVHJECVFBRMF,4801.8203
2321,DRPEHYHN3MYJDGGM,643.7028
2322,RNGDXNG3HGFQXGAH,937.80365
2323,SHIED9AKUTQZQ5ZK,3790.7888
2324,CRTECN2QST3Z947Z,3832.1274
2325,RNGDWKZMKNTUBPSF,3764.5916
2326,DREEJY2NVHFG6GCB,2265.1006
2327,SHTE37DQJWSQ4VGH,5585.315
2328,NKCE9ABEYD53HSVG,5092.8965
2329,JEAEHUHKMA8EGUUU,1647.7742
2330,SNDEHZPDGB2ZT8ZY,4229.486
2331,CLTEGMUMJTPY4RMG,4919.1294
2332,BBAEGJFQZTGFHJHD,6976.882
2333,TOPEEERRTBB77BXA,5645.2183
2334,NKCDWBPZQANZRF5M,3722.0679
2335,PCSECV3FSSB22FGE,6305.7446
2336,NKCE6WR3ZWHWKEPQ,2405.7925
2337,MUGEAGGKQM37W42E,3741.9055
2338,SGLEGBV4QFHTNHE2,5134.9683
2339,LFHDQAZP4FHGGZEM,5979.0254
2340,CLTEJQ8FTCZAEPNG,5563.0107
2341,NKCE6XU6DAWYHWQP,887.7109
2342,TOPEBN32XAZ62CTR,3125.563
2343,NKCEANMPATURDMHV,1657.1198
2344,PCSE6X3YCSZEG67R,18153.613
2345,BRAE4DHZDPMTFZHC,7274.368
2346,HAREGG26GDJWFYMF,610.2291
2347,BRAE3TSHWZREUJAC,2139.6016
2348,USGEJPQHZHYZQHBU,6209.96
2349,WSCEJTDHY9UHKP5K,9220.785
2350,SHKEGNS9TWHJAN6Q,4470.727
2351,SHIE3FHYRRQGFFXN,4041.3867
2352,SCHE4YSTYDQBDYQF,3178.5823
2353,SHIEFFFPDETWTWZR,3242.4438
2354,ACCEAZCVPTGEGVMR,8198.762
2355,SGLEGBV7VGZM7BFR,12344.049
2356,CAGE7BZ56MVQGKAB,2018.3193
2357,NKCECG6ZH5MJT4B9,2761.8386
2358,RTRDZBJ5FZSU4AYZ,4363.8267
2359,TROEG3VYGVSB9F5H,4399.6035
2360,SHOEHXFAM2NDZBHW,3636.9084
2361,BRAEBBMQY9VZRC7G,6824.063
2362,PYJEH93NGYCXNNFK,2352.0632
2363,SHIE6ZSBHCNYY2CP,3515.6328
2364,TSHE4DNGUCMVXYUH,9009.76
2365,CLTEHE9FD2APDRWQ,4368.6196
2366,SHOE6ZVUSR95HF6P,7756.31
2367,SHIEGPXGZTK5B3GT,5843.059
2368,CAGE2XC2HFSSQNSM,2348.6846
2369,SHOE2ZNGUCA4DHHP,628.79364
2370,CRTECN2QXHEYVVTX,2391.8047
2371,CAGDSNMD7GV2GYMH,1262.3895
2372,SHIEC8ATXGYEJ4GD,4002.308
2373,CRTECN2QYASYFKGS,2647.7673
2374,CRTEA7HAHHCSHCEM,5069.5586
2375,WATEA2H8FTBKZGGG,20796.66
2376,TOPE7T4YMXRK5BVG,898.01263
2377,NKCEAKKRTHT8RNC8,3463.428
2378,NKCE9HF37STYM5KA,4478.3936
2379,SNDEG6GXFS5RYFGK,10096.652
2380,ACCEGZ65AEVGSGZ7,707.876
2381,SRTEH2FVVKRBAXHB,654.6753
2382,NKCE5QSZ6FQSNBDF,2916.628
2383,SWIEHF3EF5PZAZUY,3493.641
2384,RNCEGBGW9PYRXNZY,5814.18
2385,BRAEDSHQ6X5YYX6N,2959.7024
2386,SNDEHZHVMR3XPBST,4322.3696
2387,ACCDX8ZVV2RCNYCY,1055.2985
2388,SKIE83ADUJ28U8ET,1166.5647
2389,ACCEJ6TEHCH7MCQ3,4120.658
2390,CBKEJ3ANRFJUM4TM,4610.724
2391,RNGEDAKBVC9TKFHZ,6192.0254
2392,MUGEACY82GPXUBAC,2524.731
2393,RTRE4VNCJZ3UPGQZ,3359.2869
2394,MATE49ATDVVEEEAN,5611.8477
2395,NKCEAVZ3EDVJNXMT,116.5583
2396,PCSEBXFVZSYJKRCS,8661.846
2397,TSHEBSF9NBDWJXZW,1238.3768
2398,CRTEA7HAQQCGTPFU,3481.3684
2399,CAGE3FX7HWMQAPCG,250.32869
2400,NKCE9PFF3WZAZZXG,220.09781
2401,RNGE3YSW9ZUZWYQA,10002.569
2402,PBXECWKZHWRCZZPJ,1685.2976
2403,ACCDXFA5QFCZZ4WZ,6612.537
2404,NKCECYNZGHYQEFHY,4198.427
2405,WATEBYZGCFGUP9HG,880.7088
2406,PELEGPF7UHM3WUE8,6122.876
2407,MUGE9HRRWZBDVHZ6,2811.1384
2408,PELEG5CSGWYFCFNQ,720.8679
2409,PBXEBQGMBP2VJTSQ,2242.7317
2410,PTPE4JYTPVYZ8ADY,4992.8877
2411,SHIE9J6PYVBW5ATG,2825.017
2412,ACCE5UKY6UXGVT9P,2612.9805
2413,CRTECYY4DCRARYG9,2774.4353
2414,SNDE8VY9K2JGMJJZ,7296.0225
2415,CAGE225HGFQ4VSSK,6617.5703
2416,SHIE7PD3EF2NCGBY,4201.136
2417,BOTEHZDGPGFHVQWJ,5342.58
2418,NKCE7MMGJSVN3J2W,4914.8096
2419,ACBECFGTRZCFBJZJ,5938.598
2420,WATECYMJPRYH8D3E,4932.5117
2421,DREECDCRPFKFH6EH,5121.4297
2422,CRTECN2QVZFZWKQS,3955.3396
2423,CTTEH9FTTMQQHD9V,791.4377
2424,TSHEE4WNPAZGNG97,631.7579
2425,CRTECN2QVS6GJZHS,4459.006
2426,SHOEHYEXVYZRGMGJ,4461.549
2427,SHIE9FMPQBGXGTTH,3730.018
2428,CRTECN2QXRVZAMUH,676.8633
2429,MNKDZKF6WYMMF2M5,3436.6199
2430,RTRE63NMMRZ8MUJT,1280.8214
2431,NKCEA8US7TNGUJPE,782.8883
2432,CPLEHB7C7QYBDMTV,876.60455
2433,NKCEANMPCSWGRBH5,9784.123
2434,NKCE8NDJ76XBRZ2H,1795.4966
2435,LJGE9YJHTJZCQ5VP,226.92104
2436,JUMEHGYX4SXZB5K4,6018.09
2437,TOPE7QTUPGHXCBGZ,6466.584
2438,JEAEGE5F2DTDJKCZ,3303.7944
2439,ACBEAWCZBU7RZGGJ,3704.9333
2440,PBXEACG2NG3RZZAF,509.45117
2441,PCSECYY4ZSXXVKFD,8528.75
2442,SHIEBBWHC4YGH5GY,13560.963
2443,NKCED7FPT2YG2GGS,3676.4775
2444,BRAE9C3HQTDHK7HA,3269.4731
2445,SHIE7ZWAT8HEHBZX,5448.305
2446,WATE8H957FY57WCH,1383.9716
2447,TOPEHZNPUWSFVHKM,599.1921
2448,ACCE7B8NZXHA5ZV9,7538.1665
2449,CRTECN2QVBDPEQQ2,5292.665
2450,HACEGPF9EMXPSEJU,1081.6349
2451,CAGED4CHGZGWRKEB,592.6443
2452,SOCEGHM6JKRDJY33,8405.214
2453,BRAE6ZCHDGWRDHCW,348.46124
2454,MUGEAGGKFYCFTBUJ,4504.0215
2455,NKCE7MMGKZPBQQS2,4277.9014
2456,PBXEBQGMSHJDXHKW,3594.6824
2457,WADECHFGPKW3DHDX,4365.662
2458,SHOEG7NXNBF9PPJV,6951.1245
2459,SRTEH2FVUHAAVH9X,425.52246
2460,WATEYAP3WGHZZ3FA,1395.3704
2461,DREEAM8QTHGSDYJV,3875.9182
2462,PBXEA4F5VFXHSCY8,737.4632
2463,SHIECYFWYYZHU6NR,1480.7334
2464,DRPEHYHJQNGXBZNU,3419.44
2465,MNKE75M6XXECTDK6,2189.9653
2466,WATE9ZYZRREUHQN4,4306.6436
2467,WCKEGM8FGU9ZT8QG,1138.2367
2468,NKCE9PFF3GCQYWHR,859.1678
2469,BRAE9Y5V963WTTNW,8227.715
2470,CRTECN2QWTEBGJAJ,4292.506
2471,PBXE4RB3HNFDXGGN,3327.003
2472,PACDZTD7YB2EUMYE,434.0806
2473,KRTEJNFUHUUXGPZT,5360.004
2474,RNGE87FCDRS5ZFGG,4806.8564
2475,NKCE5H4XW2PH6KFH,8404.674
2476,CAGE44J5NGQHXMHF,9387.86
2477,BRAE3TSHZRMGEHDM,3993.2595
2478,NKCEANMPKCEZADTJ,4536.1533
2479,LJGEJPFEVY9GXNGG,6962.0034
2480,BRAEDSGQVSTGKAYQ,1053.5708
2481,HMBEJCMHXNY6SVVY,2745.5115
2482,TOPEYQHGTHDHSJNM,3848.709
2483,TOPED9T33BGVTQZS,5745.4624
2484,WATECDB6HPXBVXCF,4887.705
2485,BRAECPQ5HFH5NFAK,952.3789
2486,ACCEGKXQ8XFPHC9T,4483.084
2487,CNDEGP52ABJZHGZY,1287.1753
2488,NKCDU4RZXFGBQBBP,4070.778
2489,NKCDU4RZYKVHDKUB,6576.4287
2490,SUDEGGB3JXAEBFYW,1608.2373
2491,BHGEGTATDSHFENHT,4931.827
2492,CRTECN2QWSVZAX9V,842.823
2493,BHGEGTAVWRZQTU6T,699.49066
2494,MUGE5HG8FG7YJHMD,1015.15216
2495,TWCEJFXHMSCXWE9J,6813.343
2496,TOPE8ZAFZZ6YMGFY,4827.9146
2497,ACCDSY8EGJPW7RJB,866.03656
2498,SHIE6ZSBHDEBFCGM,3755.2488
2499,PBXEDDEFTWAW3HCU,758.67163
2500,RNGE87FCDWVPDTKV,3109.2327
2501,NKCDWBPZVFY7H9UY,3102.9465
2502,PCSEE4H5CYRKNRZR,679.0686
2503,CCVEFX3Y9DFJVJUU,3073.0283
2504,DREEFJ44EBBUEKKY,6753.9297
2505,TSHEJUCY9HGZMKHJ,5507.517
2506,CRTEHSSCUCMVN7SP,3658.8782
2507,ACCEGZ5PGHCDZTNY,3665.2227
2508,KRTEC89PH6PVAQDT,1573.2183
2509,ACBECFGTGENHAGDR,647.9423
2510,CRTECN2QUSZGGH6Q,5027.593
2511,SHIE45Q6SJGSMHTN,3717.635
2512,VANE3KUFNUEGQNKH,6696.35
2513,MUGEBFGFM83MRVN7,2187.047
2514,PCSE6SJGYMZB6CHV,14923.061
2515,BRFEGHPHWBTHAX2X,12178.257
2516,TOPEB7BFCW7YG7KG,7142.316
2517,MUGEAGGKJM5GUWQH,5592.4937
2518,NKCEBFWTSMKDQZMR,557.2394
2519,WCKEGGN2J66F3KAF,5439.3
2520,NKCE49ATTPYAPNWB,6317.0176
2521,BBAEJKEC2HXUHKQE,3305.1494
2522,BEOEH25NTUDGG5TT,1167.9994
2523,NKCEBUG2XMBRJDGV,441.55933
2524,MUGECEVFKZHBDRWM,3672.2698
2525,CRTECN2QX6RSYSRG,739.8774
2526,SHOEH4GRSUBJGZXE,1461.4972
2527,NKCEAGXHHAAGNS2H,4706.408
2528,ACCE3YFFWB4HHHG2,2922.2405
2529,SHIE6ZSBWSCTKVTQ,2481.5928
2530,BRAEAQMANF5GRRDB,8814.125
2531,BDSE7WQ37UVSX7SK,3932.6438
2532,CRTECN2QUT9HQH2T,2203.8958
2533,PAEEAMGFVDHGDRG5,12955.627
2534,NKCE5W33KFFZDSDY,3865.1807
2535,RTRDRJF8GJ5AFZTG,2767.7402
2536,WATDA5ZAXAP2VTGQ,12579.634
2537,MUGE8NZC8ZHZPNFF,3287.2017
2538,AIREGYYZRAPHRFGD,7118.701
2539,PBXE68H4HF9ZZWAB,11064.363
2540,SNDDXFQHUDJDHZG2,5557.5854
2541,PCSE4VAVWZZECB84,6703.427
2542,CRTECN2QVCCD9PHT,3051.377
2543,NKCEAGXHSCG9YHAY,3089.9077
2544,NKCEBYWTBUEBCND5,4800.763
2545,NKCEBVFYZHDYZGHD,4359.512
2546,SBGEGE6TNPUX8STE,1236.8579
2547,TOPEFCVHACWGSVHY,4792.2554
2548,SHIE8QE6RMNSGPAU,3515.2048
2549,TOPE5F53Z6W4V2CP,3263.528
2550,BLAEE6KTGFDV8NGP,8115.6465
2551,TOPE89H8PCWMHBCP,5774.1187
2552,NKCE9ZWYZAEAGVAK,4099.1963
2553,DRPEF2XSFBAP4SUZ,5208.549
2554,NKCDYHF8ZEK8ZM58,3519.325
2555,SHOEGRUNZPJDGG2Y,4435.448
2556,JEAEGFMZ7SGJWBR5,5690.612
2557,BAREGGF8JSE3HTF9,4960.682
2558,SHIECJ45TFDT4EPB,2709.0688
2559,CRTECN2QXUBGMWSE,3294.373
2560,ACCDVPGKY3GBDB5P,6432.1855
2561,CHGEJCWFY4HFYVZ8,1337.1168
2562,NKCE9YX2HGNZSZRV,11413.89
2563,DREECJD8CZDDUJNU,4167.1772
2564,PCSEC86VEBNYKRB5,10357.866
2565,NKCE93H2ZTHJGFVS,2776.7522
2566,SHIE5HBGDYSHVA5R,2549.551
2567,DREEDVHXDYJCAEBP,11287.66
2568,VLBEGFFEMY8ZFEMJ,556.0718
2569,HCSEHGV96WXQCBN9,4840.2
2570,NKCE64Z489PQN4U4,3606.0908
2571,NKCDYQ3RPPERYA9W,4827.339
2572,NKCDYRHGP2UFXMT7,3015.9622
2573,HFCEGNQBS8P8EDHZ,5344.018
2574,SRTEGWKHXHCF2TME,6903.753
2575,SOCEJPT5ZR5ADJA5,8036.9697
2576,BRAECFAREVYWQSQG,972.67316
2577,SNDEDTCXWCGDH2HA,5722.308
2578,GLSEHPS7UYJVYUTR,975.13763
2579,BRAEBBMQWBGB5ZFQ,2098.1882
2580,PELEG5CSGASSHHBK,1031.8469
2581,ARPEE3YXEPFNJGUZ,7197.7056
2582,RNGEDAK7ZDCDHUZF,12689.429
2583,SFFEGG74CMKFQVHF,3315.8794
2584,NKCDTAXFQMHPMUTQ,8463.212
2585,CAGE9ABB78YZUHEQ,8272.481
2586,NKCDYQ3RCVCSYD2E,3050.086
2587,BRAEBUHYHEYKZKHK,7081.9995
2588,WATEBMY8HWCHMZZ5,4664.5337
2589,SHOEBYWT3QBBAVXJ,5209.232
2590,TOPEFGG8TJGJ7QDT,5126.677
2591,VANE3YXDHDRWR9FU,7272.4004
2592,ACCEGKFHHFX5B8HJ,3608.1428
2593,RNGEDAPSZFBHAGJY,4743.595
2594,LJGEHFBTFDGHGGWD,3493.6953
2595,NKCDRDWAZU9ZJNHZ,4684.998
2596,CTTEH9FWFHGR9EPK,1291.0148
2597,BRAEBXRBH28AMHPF,8026.261
2598,NKCE7MMGPQRJ3PEH,3012.463
2599,BRAEB9SJUP6T68FB,3364.232
2600,MUGEAYHPFEWRVJH6,2502.5208
2601,NKCED6EXRYZV74VY,693.09357
2602,POXEHPSHDKBCTWCF,5181.051
2603,SWDEJWDGXNYEXPXF,2658.6064
2604,PBXEAP3SVFJRZJK2,4016.618
2605,NKCEBP8AQZGMMWT9,5172.99
2606,ACCDXH5JGXMTZFTZ,7219.437
2607,CRTECN2QZUD25VFN,1767.5283
2608,BBAEC897YCBZPV8H,6746.497
2609,PENEGGTYTYGDHXQK,5057.3076
2610,NKCDW898UNJX5BWE,4661.7637
2611,NKCE8ZJ2643HGFYQ,5566.4277
2612,PWTEB7H2E4KCYUE3,628.71
2613,KLSEGTBQ6PSU8NTG,8832.3955
2614,TOPE7QTUDHZZZHVS,3472.9106
2615,ACCEGZ6BY4ZPBWWV,864.8346
2616,NKCEYUVR3MHTVGGJ,11486.287
2617,NKCEB2S9CGCM3CCQ,3383.4966
2618,NKCEGGEKZXHG2ZGN,6278.841
2619,CRGE9667SJM3Z4PH,1052.3573
2620,LBXEHH5WRYQQGNSM,5392.1406
2621,ACCEGKFHRM4ZGYZP,820.51184
2622,BRAE4VPRPHT9SYZZ,1388.9788
2623,SHOEBDTHZDHFPHHG,5268.0117
2624,SNDEJGYFP2AT3FMH,815.0221
2625,CAGDW63HG5JBCVGA,1427.3411
2626,TOPEBBGNQEVQZ2W6,4274.364
2627,TUNE6VK2GCBPBYFW,911.04596
2628,CLTEGMUMNQXUEHHX,6434.716
2629,PTPECA2QYCZH8MBV,3546.59
2630,CAGEBTJCMAJG7NW3,2376.1833
2631,SHOEDHHSRF6FMWGA,2382.0635
2632,NKCE9Q93AZYXVKYN,6880.4414
2633,PCSE2ZMUZH9PARZZ,963.273
2634,NKCE7MBRM6JAPEAX,599.7749
2635,CAGEBTGEHMQUS8NH,6851.9663
2636,MUGEBFGFRUMZGKNN,2405.814
2637,CRTECN2QVZZS3FER,2096.3542
2638,WATDJTR93NB8HHQC,7184.817
2639,ACCEGSAZPGAHTHNH,4488.4814
2640,NKCE73KHF8KTYMRQ,3845.6943
2641,TSHEHU5RW2VDGFKZ,5229.6694
2642,CRTECN2QUHGUJNDZ,3814.6943
2643,RTRDNY65WHG9FHTS,8409.584
2644,SUDEGGB473ACY9MF,547.6068
2645,SHOEG7NWGF93MFVT,4764.628
2646,SGLEJJ6HEU8GVW4W,960.38776
2647,MNKE5YG7USVVTPCZ,2456.3403
2648,LNGEBDTBGWTXTYWT,4792.388
2649,SHOE652MJRRMFBEF,2002.7229
2650,NKCE87C3C9QYYBTM,5073.5386
2651,CRTECN2QVJBRMHRN,3321.753
2652,NKCECPQAERMCV6YM,1140.4573
2653,SCHE82QGQ2XPDCYM,4261.6494
2654,TOPE8ZAFY82P7AGT,898.7175
2655,RTRD4KY4UNGYCZFG,7968.5405
2656,TOPECRP5KCUZWYGA,3523.0762
2657,NKCEBFWTHMVVNRDP,482.1353
2658,CRTEA7HA7X3CW7YQ,3627.717
2659,NKCDXHWZHPXRF28E,3131.3862
2660,TPYEGGGZHDFZWZ2X,1174.7281
2661,ACCEAZCV9DGDZDDD,7887.1084
2662,CAGE7DUYEYWSYGBY,1221.9712
2663,SLBEG68TKWYVGNKT,6751.1777
2664,NKCE7MMGWBZPZJSZ,3669.938
2665,NKCDXHWZGDPDJG7X,3966.5942
2666,CAGE8XYYGMRKRRCH,8025.449
2667,PBXE9FEBPXAKEYAP,9837.118
2668,CRTECN2QZVH3J8PV,3829.6199
2669,SHIEC8ATMHEWET32,2680.6384
2670,RLRDY36SXZNHEQWA,5996.293
2671,CRTECN2QVP7WKETJ,2430.7915
2672,NKCDSCF3PH6MPP5N,2751.4731
2673,BRAE5PKZ8QXFHWGK,1920.055
2674,NKCDZHF7TKGY8BAX,3363.5754
2675,BRAEA8YRRGJJWVHB,1989.134
2676,CAGED3YQSJXNZRJF,4299.134
2677,CRTECN2QZH9J6EHK,3170.638
2678,PBXEAT5YASJRMNG7,1406.4658
2679,SNDEDGAFFSHFKZN2,10309.119
2680,BRAEBXRBYGYKC76H,7685.347
2681,VANEB97UCYGMNHRY,6786.753
2682,CAGE9ABAPMTWEJGH,5399.3804
2683,TOPE8E8NJXHZ4S9N,4092.338
2684,SKIECYAEGGB8EPWU,5953.158
2685,ACCEGKFFSRRVD7Y8,973.33875
2686,NKCEYGTG8H79NJYY,6062.092
2687,NKCE5V95W2BFNBCZ,2976.819
2688,TSHEHU5RTMMTFVFG,5853.2295
2689,NKCED6EYRDRJKTPC,11609.97
2690,SHVEGZUHGVYZBRW8,10643.1
2691,NKCEA5FHSF4NWKBT,169.67087
2692,ETHEGMHHGGCXMSYA,576.275
2693,MUGEACY8U2HXTXZ3,3857.4097
2694,SHOEC8QG3CV6YYDJ,4639.94
2695,BRAEBUHTPZGHB6HG,7556.0874
2696,CRTECN2RV7NHG8XK,4409.771
2697,TOPEFGG8FEQUZSMS,4493.939
2698,TROEGZMRNERWAHEB,1058.4127
2699,SHTE7FR4YZZ77Z9Q,6191.531
2700,BRAEDZA3KZVHZZHZ,1997.4408
2701,CAGE8X8XGZGQGWVN,4335.089
2702,VPAEHPYYFKG4NG39,4018.205
2703,PTPEFJHG6SUSBPG8,5197.119
2704,PTSEDAZU69CBFF2M,4980.323
2705,BLAEFNHBFWEXG6YM,5798.8706
2706,HIFEB7J3RCFHZ5DB,6676.6694
2707,BRAE3TSHZWH8YWED,2597.5002
2708,NKCEANB7H8P6QY4K,1991.0696
2709,CRTEB774Q8HJYPMB,4551.812
2710,PCSDYQEVGFZSGRQJ,1633.1915
2711,BBAEJKECZ2ZNAUZQ,2130.2092
2712,BRAE6HUHPGFHGEER,4527.651
2713,NKCEFMZUGH4NG7F6,2643.0754
2714,PCSEE4H5ZCFWZZRZ,2419.0637
2715,BRAEB96BZWFCDVY3,9392.553
2716,SNDE95MFPFPJ66M6,3139.9106
2717,KRTE9JEZ28H4ZWM4,1157.5305
2718,CRTECN2QUTVCTHHS,5005.39
2719,CRTEJUA36GHKGQEY,2623.7073
2720,SUDEHYGUMVVYKJCW,4833.316
2721,WATDUNJ7YKMGG9RZ,5756.5435
2722,DIAEJUCEZNKKK4FK,2626.5105
2723,SHIEBZB49VZZQRKK,3829.173
2724,TOPEAZ88AGF3KJHS,1441.0262
2725,DREECR3HFXYFPHD4,3472.7515
2726,NKCE8SESAZ4K8HZC,3975.4568
2727,SNDEE5FMQ5YQAKMZ,5544.9556
2728,RTRE9N5GJGJ2GMRV,850.75824
2729,WATEBNXNMQQQFSQG,4096.8843
2730,SNDE3E6YB6AZJDGC,14721.914
2731,SWTEAW3STNNJSKNP,11253.961
2732,NKCE7AGZQB7Z7UFM,2776.217
2733,WATE7VE2MFQWBF4H,941.87213
2734,PCSEDCWJBHDR9EYU,1089.3778
2735,WATDZ2ZQHSAYJPWK,9184.579
2736,DREECJV2GVFHGQB7,6926.5654
2737,ACBECFGTZHFZ64PN,6317.161
2738,BRAE3P8YHGJF5WUZ,3192.8394
2739,DREEDVHXSAAZSBTZ,2285.9539
2740,ACBEB3489M4NQZBD,4872.238
2741,EMSEDSHQ3VU6T8Y2,3397.698
2742,SUDEGGATDVCMWGGH,4514.2363
2743,PBXEBESSDYBYUGXT,8450.915
2744,ACCEDFVFVMKXJGGG,6063.2715
2745,BRAE3UG9P8GJXZ2X,3506.2522
2746,SHOEJUQFQURGGFY4,1101.1294
2747,SHIEJYHMR7DUKT8W,3227.2378
2748,SUDEGGATJKZYUZUP,2513.2314
2749,RTRDZBJ5VAZG7VGC,7227.386
2750,RNGEDAKBZPHKHGCQ,6497.237
2751,BLAEEH2ZJ3G9DA7G,6363.0806
2752,SHIEB468NVUG5HMP,7521.7646
2753,BRAE3TSHZQDVSGYY,5108.4766
2754,PBXEAFTPFDK6BRHK,794.6536
2755,TKPEFT4AD3ZQZZHN,6903.324
2756,ACCEGYP259YXZJ4H,2510.7954
2757,RTRE3KKXMVHMRQ6C,464.7524
2758,NKCDXYFHHPBSYJDZ,4087.7117
2759,SHIECASQHFWX59GJ,3497.9453
2760,TOPEGQKDATUDJTAG,6014.781
2761,BRAECBDFZAEZYD2Y,1025.6372
2762,WATE4S5RZ8P5JZHZ,11282.028
2763,CPIEJHF6GZEM7SPY,6006.7812
2764,CRTECN2QVMFZFNGC,3010.377
2765,SNDEGGRYTVYGPR6F,2537.03
2766,RNGEBPU7PG8W88TV,10173.895
2767,HMBEDCJHT4FCFKGD,7789.0005
2768,NKCEC87S2ZAZBYAR,3097.2014
2769,NKCEC88C4GV4UFN3,5435.8403
2770,SNDEA42M6GZNV7M3,7066.9155
2771,SGLEGBV8BENMFZGH,1404.3019
2772,RNGE7M92PHFGGBUJ,1050.0868
2773,BRAE3CYXV4JGWEDA,1615.2803
2774,CBREGYBXZKY5VKSK,818.30255
2775,CBKEJ3AN6GEACKYR,9511.869
2776,TOPEBR5GNG9MACAD,4554.4204
2777,FABE78FYGHF22FNE,6749.205
2778,ACCDX8ZWQFTTGZYK,10821.825
2779,KRTE39Q4GVHFHWZV,5704.7427
2780,ACCEGGBTG3HMNHNA,3780.4175
2781,RNGEGMMBCJGQGGEF,10504.233
2782,BRAECTFYVHHKMV9H,6971.753
2783,NKCDU4RZRCYAZHY7,3743.599
2784,BRAECFARHCG7P8WT,4536.684
2785,BRAE3TSHZ2XFSNUT,2988.1145
2786,JEAEFYQHSR7BWPG9,1319.4482
2787,WATE3HFNMGVTZEDS,1404.0966
2788,SCHE3Z7Q3TSVYMRP,4759.6587
2789,DIAEJUCFHWGHUQFP,2834.6123
2790,NKCEASN6TXJGHZUE,6003.5557
2791,WATEYAP2ZFEV2JKG,5148.4053
2792,AVCEJCHCDNFTHSQC,5464.634
2793,FABE88MH3NGH8MUD,3492.1697
2794,PCSDY5AHFNSPGSV8,4125.431
2795,BRAE785RYFT8WTHK,7231.0845
2796,PANEJQ5YHAHQYD4F,3820.0435
2797,NKCED6GHCAHTHNCZ,9631.504
2798,ACCDVDC8S5JWEE6X,6015.2603
2799,RNGEDAK9YXVZV6G9,5222.976
2800,ACCEGG9V98NCXGPE,4643.1772
2801,ACCEGH6RNERXNQHW,455.26773
2802,BRAEGP6SFGYKNNCD,6586.3584
2803,RNGEBQZQGQVJZEHC,5451.9683
2804,NKCE9G2BGNV9RDXG,3366.4346
2805,TOPEYP876AAGE9NC,3716.893
2806,RNGDTBQTBEMPDBMB,5317.9604
2807,PCSEC86VVTQJN5AQ,7297.853
2808,NKCECZG4EYKY7XEH,2599.2898
2809,PBXE5YGWHMS88ZBW,3237.558
2810,NKCEDCT9CFG3HCAQ,1748.2898
2811,NKCE3Y5PDN4U66HC,6826.158
2812,NKCEANMPKCDG8DRP,9472.907
2813,RTREFDXTZ4GGGAEX,3218.7817
2814,NKCE5WSJTFZWUWBV,5210.0063
2815,NKCEB3GZSB8GTXCT,4003.1497
2816,NKCEA5FHBGJ9JPFY,305.40622
2817,PCSEAN2WCFR4FXVB,1062.4613
2818,MUGEAGGKYWKB6YGX,3868.8948
2819,RNGE7M92HHHRXZKG,9341.419
2820,BRAE8TFMPNB5GSF5,2122.791
2821,NKCEAFDAZGYPTKGF,7764.498
2822,TROEGZQHT4UCZVKV,4536.6387
2823,PACE5P38T4FEUHZC,2477.3748
2824,NKCE8E6YSG2KQEGD,3173.433
2825,CAGE8PKGGGHUXMEN,259.1667
2826,PBXEBJ4NUDH3PXZY,11796.361
2827,NKCEA5FH8FXQKFAG,4274.4424
2828,VLBEGZ7SZTDCNGTE,11096.27
2829,NKCECZG4HNVBZRYY,1036.5203
2830,NKCE9PFF5XE5AJYU,638.2775
2831,TOPECB4EZYHC6C3B,3101.168
2832,TOPEBW2YNZX56YAK,5182.516
2833,PCSEAKVBT8SMGNXV,1313.4244
2834,MDYEJF57MVYHRCUN,5768.1855
2835,FABE7B2FGV9CDFZH,558.78125
2836,NKCE89MSGZ7NVZ7D,3834.2456
2837,DRPEHYHH78DZHUZG,568.90265
2838,NKCEDCT9HMYQSMGV,3245.256
2839,NKCE7H5KZTH3V6AF,4006.6003
2840,NKCE2W3WYHE8SCJD,5758.702
2841,NKCE9PNY6Z8VKAQY,6536.5854
2842,FABEAJUHWGPHZUGU,7365.3784
2843,SWSEBS2UXYZBSY2Y,4576.653
2844,PCSEC86VA2HGZGXW,5558.5757
2845,BRAE9Z5TFXB7466Z,461.00662
2846,LSKE99UKDTDN7HBM,9069.444
2847,NKCEBHGB3FZSR5RH,9684.412
2848,TOPEHZNTFAHEZMQA,690.3615
2849,PCSEAYRTZYDSPGMB,7403.536
2850,SUDEGGAUR7EGNEQ6,7593.3716
2851,TSHEB72FPCF54KZU,6725.882
2852,SHTEJGESKVEMGRYR,910.0136
2853,SHOE2NKQ4NXGAMYX,3584.8838
2854,BRAE3TSHUSSFTGHN,7579.258
2855,NKCEAHPFWCZQQBAG,3316.8218
2856,BRFEHTTQHPRGKZZY,5267.89
2857,BRAE2NF6XZZJ6EXG,3266.9387
2858,NKCEYUVRNDSCECZR,2892.2292
2859,PBXE84AFK5C9NMYV,4811.0166
2860,SUDEGVG4VNMYZWXT,3123.0366
2861,NKCE5W339WJ23R7Z,3096.545
2862,CRTECN2QUBGAGPCK,5850.109
2863,BRAEGG4P8HYHRAC9,4163.6777
2864,SWTED625BMZKJXHP,3301.0344
2865,BRAEB9SJZKCAY5SY,3604.435
2866,WATE8E8PCQJAQNAP,9359.95
2867,MUGECJZ2AHNZ2JHS,4109.1807
2868,PTPEFJHGGFH7GA3Q,4045.5066
2869,SHOEH76627H5HRHM,4875.5474
2870,CAGE9ABA6MTKHCNM,555.2758
2871,CAGE5NGBUYYEVZ8S,697.4325
2872,TOPEGH27GZK5XG7P,11203.583
2873,JEAEGFMNENQ9G6AN,1428.6007
2874,MUGEBFGFYPNW7GQ8,2032.3342
2875,NKCECYNZGPXQ6HR6,3895.6624
2876,RTRDB8GKEGG5E3XG,3231.8887
2877,NKCED6HQP5QHVGGP,947.59424
2878,PBXEBWY3QC5WCPHS,321.08685
2879,NKCEY8KWTM9HZKDJ,6954.7427
2880,ACCDX8ZUCDGVWWWB,5502.6416
2881,CRGEB5MNWY2XSW7T,6316.6245
2882,PTPEJPZSEFCE3CZW,4880.8843
2883,RTRDMTEPFH3EVUM6,432.1127
2884,SHOECQQFYNSCRFBR,2460.1475
2885,PBXEBQGHT5PYSDHM,647.3762
2886,SRTEH2FF9KEDEFGF,3875.0815
2887,TOPE75N4JHUJCF2H,9153.53
2888,VAFEHQZYGH5HRJJP,710.607
2889,BRAE3SGZXAPZKGDK,1883.5425
2890,SWDEJXHARNREQZVK,5775.8525
2891,SGLEGBV5ANNWWFZX,9215.106
2892,SHIE7BZ9CHKNXZJU,593.0763
2893,BRAEE3RMMRRFQ9AD,3057.8684
2894,MUGEAGGKYSMHGRMH,2269.9917
2895,MUGEB3GZ4ZYHF24Z,2232.0718
2896,CRGEYZ5FGRTYJUT6,6216.975
2897,TOPEGHZ7ARZWUVFS,1975.2656
2898,CAGE8PKGXDZFUTHH,3558.0493
2899,ACCEDTNRXHXZKH4G,5038.866
2900,CRTECN2QZWHEJRGA,6217.484
2901,PCSEBZQ5GMBXZFCF,1839.4209
2902,MUGECEVF7HGA3QMQ,3763.1538
2903,NKCE6ADEUEPXCHHK,2561.3643
2904,BRAEBBYRZKNYWP6G,2030.3767
2905,BBAEGGDE8QWHDEYB,4376.8374
2906,HOKE6KZCEZJFHQMY,4918.4487
2907,BRAEBBYRXQSD8NZX,2488.3848
2908,NKCEBF56FWWZ35HR,6567.3066
2909,MUGE5HG8VVGMBN5M,3035.8408
2910,BRAE5VA9GBGW7M7K,974.6245
2911,CAGE7TVZ8PH9GJQU,10136.574
2912,CAGE9ABATUHJ8G4X,9848.645
2913,MUGECEVF4WG8JSZ9,3120.865
2914,PCSE4V8HRKQH5A5V,8670.675
2915,NKCE4VA4FAZ7FTFM,293.33893
2916,BRAE3TSHPTKBVBHK,6677.603
2917,ACCEGYP2FYTWVKUB,1836.8328
2918,CRTECN2QYKPMZGNZ,2724.8455
2919,NKCDXEGW7APJ97YS,4188.408
2920,NKCE9ZVGJQNZWRN4,2355.0725
2921,HAREGG26DYDGEYRH,4863.074
2922,DRPEEZNFGG9J9KAV,1120.5082
2923,MUGEACY8EWA937QD,4092.0298
2924,NKCEA5FHZSG4SVZP,4247.397
2925,TSHEHU5RPEPPZW2R,6371.696
2926,TSHEGF9S8MT2MVYV,3309.4993
2927,SUDEGGB4ES3XZCKP,1026.2599
2928,SHODPH4GEYW54KMT,6074.035
2929,TSHE4F2GSWVGKG4D,6498.3306
2930,SHTEAGGFBZGZMFCF,4756.1753
2931,RNGEH8WN5KNHEFWJ,4449.614
2932,RNGE9HDPGG8ZHUJZ,4239.6846
2933,PBXE9EJKVEFQQTJH,5473.2095
2934,NKCE4PZ6EPR4AKZY,584.81744
2935,TOPEHTU46JAHMV33,4887.769
2936,NKCEBFWTYSW72YJK,2029.7538
2937,RTRDY9NVKBBNGYMU,333.15643
2938,CAGE3GFTKFNDSUJY,7528.201
2939,DREEAEB8XNSACHQB,4968.6562
2940,BZREBXM8H66HR9CX,4086.1821
2941,RNGEGMMBHHARCJ6H,1914.2754
2942,SHIE3QDHFYNWATPT,7737.7803
2943,MUGEBFGFYQPGRQ7Z,3714.9604
2944,RNGDTBQURWKKGMZZ,4273.661
2945,AIREBA9VGER68DFH,8659.844
2946,SHIEB7957MQBWGV3,4028.084
2947,BKPEGXYVX4CG7UWX,5992.4727
2948,ACCEGZ6BBHDP23K8,4447.3315
2949,CAGEBPNU8TKUG6NM,2232.762
2950,NKCE92XFXH9HH8BT,8307.211
2951,NKCE9GR9GFMQ9TNZ,4987.313
2952,TKPEGM48GGD2QKZN,1274.0677
2953,BRAEBP5JJA24D2YS,6333.1646
2954,CAGE6FYKDHFFNFHG,7422.102
2955,NKCE9PFFKZWGCJMV,2376.0127
2956,NKCEC87RGJPXNK7P,392.3743
2957,SHODUMFYWHFYZRPY,4483.1987
2958,BRAE7DNYSXZSXG9S,494.0874
2959,SGLEJJ7HNYDPKZ5P,4940.493
2960,TSHEGMWZYCTCDAAZ,7259.828
2961,PANEJQ54895A7GHS,9369.318
2962,BRAED6C5RRZJBRNP,7038.516
2963,PCSE4FKCGZNGNHFN,5321.2065
2964,NKCDRDWANFDGXSSK,652.45807
2965,MUGE9P6DPPNA4TUS,4161.609
2966,CRTECN2QZ7DHY6GV,3234.1013
2967,BRAE6FMZTRTKVXU6,1460.3468
2968,LEAE8UKZFQRUTMAG,3565.7827
2969,SHOEAPCYWEAFSFU5,4402.217
2970,SNDE5TY3KAETEZVX,8676.665
2971,PBXEAFTPXKDJHHYN,3221.9167
2972,TOPEGWURCXSZMQ6H,3043.5222
2973,NKCE9Q93NGS45HGG,7426.792
2974,SNDEAYZZWRXJSFWH,7576.6523
2975,NDNEJRAPFDZ3R2HG,1886.7556
2976,PCSEDP3UUPFTQFCU,7334.101
2977,ACCEGH6SPZF3AHH6,4423.6406
2978,NKCEASN6ED2AZSGJ,4496.208
2979,SCFEFTYSYX8BTZ4P,5303.0933
2980,PACEAYZANXQFKGZ3,2334.7231
2981,RNGEDAKCZHXRBG9G,6541.9214
2982,CAGE4Y4FXXUZS4ZP,7674.791
2983,WATE7H4UYKQP363Z,11138.134
2984,CCVEFX5JZHYKHHHF,818.1455
2985,CRTECN2QSBAQ24DZ,5807.1245
2986,NKCECHX4UCYT4MYX,1025.5442
2987,WATDAZPXK8FSPGB4,11002.76
2988,BRAEYFDEH7WZVJVG,1962.401
2989,PACE43HFHCYGHYFK,3950.7432
2990,SRTEGUA8AG9HYTAH,2949.9236
2991,RTRE96W36WAJHRCF,2856.279
2992,RAQDCNWAHJK9JNUY,725.8918
2993,BRAE5F3KGVA8WAJH,2976.0715
2994,WATDZ5HGDFYKXHYT,2139.6091
2995,JCKEJNEZZ2RFFJS5,5867.388
2996,TUNEAUVH8G8ZPGYC,9070.174
2997,SHOE44ZFTHMTAB6C,3762.859
2998,BRAEE6YMGMKH7DCZ,7992.5117
2999,WATDGFAQBJJV2TTK,9392.368
3000,MUGEBFGFYM5T6KNW,2703.1113
3001,SHOEBG6ZS2YREWHD,4815.213
3002,PCSEAKVBBGJAZTHM,1018.7676
3003,ACCE73VFWU9JYKEF,2994.453
3004,CRTECUWZDJRHRFNK,2849.3723
3005,NKCEBHGBYC9ZH3ZX,4388.277
3006,NKCEGMUCHG4CKEGB,5795.278
3007,NKCDXPZS8AZMWHZB,241.1382
3008,CRTECN2QZFVWFX3S,5142.3486
3009,RTRDW77Y4D3QTBUG,229.44063
3010,NKCEA4CAWGKJ5SBV,711.84186
3011,CNSEHF8FGDHAGGGR,6573.3413
3012,ACCDXH5JHWBCNQQ4,3306.1404
3013,TOPE4DS8VQC2KCD8,854.05975
3014,BRAE7T3WRRVYQQEG,1281.915
3015,CRTEB774DZGQJXV8,1673.6149
3016,BRAEGJFXWMKWGTG5,6883.745
3017,TSHEE4WZVGVAMRAP,5663.6626
3018,CGCEEFZSURUGRCUG,2843.832
3019,NKCE6NHRZA6ZXMTZ,5983.4526
3020,ACCE8XZMDHKTDDTY,5924.358
3021,TOPE954FVTRCRXUN,5688.7974
3022,TSHE4S257WYDXMMX,7181.0815
3023,WATEHYW2GJW9SZYZ,2554.8198
3024,RTRE2TYN2XUPCEVH,2690.7297
3025,WLKEEXSVZWZHJEZW,11594.463
3026,BRAECKHYDVMUMAKF,989.3358
3027,PBXEAT5YDFMUMHGB,734.44727
3028,SHIEBG6FHNFZ2TFP,3236.0586
3029,SHIED3RY2QZE2EWM,3817.5833
3030,CAPEJZVUAZAEGXZ4,4698.177
3031,WCKE2TFFFYHKUM68,5662.3184
3032,NKCECJPC5HBBSFKZ,2683.2449
3033,BRAE7NMEGDDHG3EX,1799.3062
3034,ACCDXFPYVJCMFGET,1046.4202
3035,FSEEJVNPNZHCXNNK,1784.7311
3036,CRTECN2QZ4NY4SSZ,4389.9634
3037,NKCDYQ3RYDG2GMZB,5955.168
3038,SGLEJCHSWBMHVVNG,5232.0273
3039,TOPECCNVM4SN9F9C,6889.3667
3040,NKCE74XGF3PPAZ3Q,455.22144
3041,WATE5HFYXEJRCTHF,4708.092
3042,NKCE8V3ZHGGGHHDH,7401.0283
3043,PBXE9CVJ6G5NAQFH,3369.2644
3044,CNDEGVE65UWDPCYC,4891.955
3045,CRTECN2QV9AZBYNG,2574.9763
3046,NKCDU4RZPGSGYY4Q,4324.8354
3047,NKCE9YFBR7ZAMBNJ,1223.3018
3048,SNDE6W34GVRVHWQQ,10590.954
3049,CRTECN2QZCGZSGK8,3266.2559
3050,BBAEGFHEYYMKHFZR,3185.5862
3051,WATEAUABHVPGRBAS,621.28143
3052,CRTECN2QZVUWVHZZ,4606.56
3053,ACCEGH6TMFNCMYJB,3903.0923
3054,PBXE9WEVHF3ZBQHW,8714.725
3055,WCKE2TFYWX9QW3YC,4690.1567
3056,BRAEDTNZZRXBHZGZ,2351.5894
3057,BAREGJ8B2Y3TPUWH,7968.238
3058,SHOEJCKBGJGZQJHN,1777.4111
3059,NKCE9Z2JQGBBSMTM,3609.3418
3060,TKPEHGWYVVXUYCFC,4782.648
3061,CRTECN2QYGNYMVY8,4351.0015
3062,CAEE9Y64FBPZJUUH,9380.597
3063,ACCDSY8EMKXZM8EW,8578.446
3064,CRTECN2QUZBANWHU,6113.8457
3065,SHOEDH9AS48SSFBT,3600.8887
3066,CRTECN2QVV8ZGNWK,4203.658
3067,NKCDU4RZ9HWVUHGW,8555.327
3068,SNDEEFTGRRUZSFGJ,4902.392
3069,NKCE8P4V9ZQCAYZN,3180.7422
3070,NKCE76TNSYX6ZQ9Z,536.85065
3071,CPLEHB7C7ZJGHEQU,3815.794
3072,SRTEGWKKQABUMGFA,5627.9727
3073,NKCE38HBTZXEXXUG,5639.2446
3074,SHIE3QDGUEGVZJZ8,5221.086
3075,NKCDY8S8ZPV4YA9S,4008.0664
3076,SHOECXPHZSFGQEZZ,8995.733
3077,RNGE88FQ5SDTSFY7,4890.8677
3078,NKCEAP3S6G8ZEGB6,2670.122
3079,JEAEHUHKEAEUXSRQ,4516.1753
3080,BRAE8WPSG4FMHFXF,1643.8193
3081,RTRE9JEGMXHZ5RHQ,5044.9443
3082,SHIEYSPPPDGTSGFX,5195.4956
3083,SHOECJD5WVAGAJEH,495.13715
3084,WATEYAP3FEPWZ8MH,7179.0103
3085,DREDRCRHDXQNK4RB,5731.479
3086,TOPE7ZHZHT3SKKMN,5367.4673
3087,SNDEBBK5Z6KUQZZF,890.4224
3088,WATE2RX9HHGBUQGA,7620.7534
3089,WATE2HX6JQGRXSEA,2584.944
3090,NKCEDCT9MZNZ7D8B,338.63196
3091,SHIE8HXEEX69GA9F,3691.9382
3092,DREDYSNRZGBFFVQ5,5289.725
3093,NKCEACYSTHNBFPM8,5699.252
3094,SUDEHYGURKV9EVVS,6451.5957
3095,BRAEDQDFPNUQGUVG,2186.3457
3096,PBXE829GJ3ESYYMQ,2703.4329
3097,LJGE9TGNUKM2UGWC,5746.3633
3098,MUGEBJ7XBXMRUHQC,3531.996
3099,BRAEB9SJMFKF39ZW,1189.3752
3100,RNGE864HPZG96WNH,3878.4712
3101,BBAEFYZ9HC3R7CSS,5430.5005
3102,CRTECN2QZZHZH8H3,2310.63
3103,NKCE49ATHBGGPBDM,2768.367
3104,PBXE5ZJZBKZKFUTT,9838.493
3105,SNDEGGQ6T4W8ZGKH,13774.258
3106,NKCEANMPQABUFANV,3238.5781
3107,CLTEHE9FNVRTJUGS,2880.168
3108,NKCE9PFFJHGX23NG,777.9853
3109,NKCE6KGHUMC3DZNK,5941.8525
3110,NKCE96SXSGHZ3GZA,77.39119
3111,BRAEBUHTHHJDHGHE,7302.9775
3112,SNDEGFJQBJWUCSHS,8080.1514
3113,ACCDQDYBPHVQ9EFC,8314.698
3114,PBXE84AFH8Y5KECY,1686.0787
3115,KHREGSDWQZKZRY3J,5751.9424
3116,PBXECNFSCHBSHZM9,8936.415
3117,CRTE8389ZZJS6W9E,961.4496
3118,CRTECN2QZFRKZPZU,3605.5818
3119,TOPE89KYEWKHKRDZ,1154.6443
3120,SHIEBXSH3GADDFBP,2677.122
3121,CRTECN2QYZ9YX3JR,4228.932
3122,BDSEJJ7CMKHRWVCZ,9010.938
3123,BRAE8EHTGUTM8CX2,10508.65
3124,BRAE3P8YRJ69HFQT,8718.458
3125,SUDEGGATYHBGUFTF,3574.3484
3126,NKCE9YX36WBZF9HJ,6282.35
3127,SUIE5GT3DSJCKEJF,1410.7571
3128,RTRDYKU6F2GVR3CR,479.77087
3129,ACCEGH6TEZ8CAXEH,2281.0554
3130,SRTEGWKHGMNG3WRJ,5297.2017
3131,CRTECN2RCNAMYX2E,7131.2417
3132,ACCEGG9Z4QCZJZFJ,4490.404
3133,BRAE4S2FYF4RN49J,1856.4623
3134,ACCEAHRFFH3S7HFF,1427.7142
3135,NKCE9JBQGG5PHQFM,4900.132
3136,CRTECN2QYU4SJADV,3836.6218
3137,NKCECQYZNVJKFMJV,11970.979
3138,RNGDUZU5VCYXAAEM,3535.0564
3139,SUDEHYGU9BE2XETS,6995.392
3140,PBXE5YGWHPQGBWG3,4270.428
3141,ACCEGGAYDMUYE7SK,7510.4155
3142,WATEHVHJHMCGW3VN,561.7205
3143,MUGECJZ23GD5PE6C,3517.44
3144,PADEHZFHGHFQJAXV,5685.808
3145,CRTECN2R7EXGYGFZ,4604.9375
3146,PBXEAJVRRK6MXXKH,2599.952
3147,PBXE9YWJHHERWPG4,5721.5547
3148,WATDFFH3PGFHHZH8,17114.385
3149,TOPEGFXU8ZAGFGNZ,1747.8729
3150,SHOE6ZQEB694PVM8,3877.8079
3151,ACCE8VP6PZDUEYGP,3218.2837
3152,WATE2FAGESM5B5VZ,7281.9604
3153,BRAECC9JFBY5YSEY,4117.5005
3154,BRAEYFDGSY9S9ZDW,4300.554
3155,PELEGPF7C9YZFKDM,3984.1946
3156,ACCE93ZDRDSJD3RG,2761.7886
3157,NKCE9YFB9BZZ8ZFF,12543.907
3158,JWSDZCHGUTXYUGZD,9631.596
3159,SHIE7DFNVCR8KUGP,3646.5623
3160,NKCE9PFFXGMFX5PB,9732.63
3161,CRTECN2RZRH6FTYZ,2141.0198
3162,JWSEJFMHQEMPZPGK,4583.771
3163,CAGDU9C3ZBMU4CGR,814.3771
3164,PACE5M34GBFNK4F3,6651.83
3165,BRAE8WYHXBEEPGDQ,3120.343
3166,RNGED78RWSSAT7GT,9458.273
3167,NKCECGT3EZHNNRAT,7097.4663
3168,TMLED7GYYPZ3ZXGW,5363.9053
3169,PELEJUCGUAPQRCZX,8807.209
3170,BRAE6ZCHHPFNBYNU,1579.9856
3171,SUDEGGATXD4BMC2G,4748.802
3172,ACCEGG9Z5UB2JZYH,2941.5754
3173,LJGEJQ4NA7BDGQWZ,4928.565
3174,JCKEJFPDVWBKHPFY,865.1065
3175,RNGEE8ZHQ4HRM5WY,7332.803
3176,CRTECN2QTCW9VDKR,2807.2834
3177,RNGE9HE7BKMCZGRV,4131.1724
3178,CRTECN2QYYFYJFTV,2851.142
3179,BRADM8DWSRMPPNNX,1578.9434
3180,SHIE7VFYJHKGMXUR,3625.847
3181,TOPE8ZAFC7JSV7QX,3967.2878
3182,VANEGQCWZYFZ3EYJ,7138.4414
3183,TOPEYY5YK3WEGGXX,3937.845
3184,MNGEJPST4MZDZCHT,2673.9243
3185,PYJEJMHJNXJ6NGKC,9756.515
3186,PADEHZFHCNQGWNNS,3910.9392
3187,CRTECN2QTWDYRKGW,2835.1274
3188,JWSDSCB7SN9AYB4B,8528.381
3189,RNGEAM4ZFGWHWMYZ,4489.026
3190,TOPEBRYGRZFGPMHP,2466.305
3191,GLSEHEHZAZEJMRVF,6038.864
3192,ACCDYAGVFPSCPQUY,6281.257
3193,NKCEAJP6DGFV8AEZ,10444.545
3194,CAGE7CJVGGHQYZDQ,202.55301
3195,SNDEBYH3ZR33KSAG,7015.7383
3196,RTRDK7TWJB6RCNP9,4504.45
3197,RTRE38HF433WXQJD,3510.544
3198,SNDEDG6HNGZDZXBV,1809.04
3199,BRAEDT7STGZCKHEB,5766.8384
3200,ACCE6RHG47DESW3Q,997.2961
3201,CSPEGMVJJDYAYQYG,4611.7246
3202,NKCE2NKZT6GSFFV5,3088.8457
3203,ACCEGG9UN8H6EHGA,2314.9836
3204,WATEBJ37KBB3SEBR,3876.4246
3205,CRTECN2QSGCA6CSF,2759.9172
3206,SNDEHZPDSQZYASGW,4809.0503
3207,CAGEYUXVHFYNCAYD,7153.2856
3208,PCSE69MFRZSMYVRH,1992.8025
3209,SNDEHZPDZMNZGHEQ,3565.9436
3210,MUGEAGGKQMGVUVJT,2328.3943
3211,SHOE3S9BGUAGYE5X,4692.7676
3212,MUGEAGGKHU2G6PT8,3092.9988
3213,SHOEBG79YJZD9C33,2407.6965
3214,GKEE5ZZ34VYKVZEK,6959.3916
3215,ECIEF6JYYJ4PHJ3Q,5859.561
3216,TROEGNRFM8FCZHHM,2400.3118
3217,SHTEYSPQAB9KAUVG,644.5725
3218,TWCEJFXH4EU2JZYG,9501.795
3219,WATE6S3AMDGT5PVG,3696.0662
3220,MTYEJJAQYHCNKYZZ,5616.599
3221,NKCE845VFGMPFFMT,9197.25
3222,BRAE3WVQSRGWGHZV,7845.4688
3223,ACCEKFVWTGZXG5XK,5699.0986
3224,BRAEE6YMKFPSHPY3,1646.3531
3225,RNGE7M92FZVK8YWH,6797.071
3226,BRAEBBMQWZYHZFGE,1415.0599
3227,ACCEGZ66ATHMFPJV,872.9196
3228,NKCE7UEX7BGCCZUY,4914.437
3229,CAGE5H7JE9G72SHT,8106.8027
3230,TMLECXEQGAQXQKDG,5066.2153
3231,NKCECZFZY9YTKGTW,6288.362
3232,SHIECFNXZ7W9GVYZ,4334.5737
3233,MUGEAGGKZEFKTZ8U,3778.394
3234,SHOEFECFFYBYP9QR,4379.8984
3235,GLSEHB7RQJFVT6GS,1191.7943
3236,NKCEASCZU8K6XDGF,1019.7707
3237,LFHDBF4BY3PS66NG,4982.146
3238,TOPE8E8NZP256K8G,4691.211
3239,SNDE8SSKSSARAXHJ,8030.8223
3240,CRTECN2QXHGGKHWV,3801.9844
3241,JEAE9PP49AH6PQCW,4219.1274
3242,PCSE94FSG87ETQY2,2096.0105
3243,NKCEANMPNFSQ2K6X,4568.199
3244,PCSECV3FTHYGHHHF,1237.4775
3245,GRKEG679TVS7CSPA,5022.09
3246,TOPE7T5FMBVW9EFY,10474.515
3247,SHOECXZEHUBBZYJV,5167.0464
3248,CCVEFV4RRNH9FAHH,2437.9692
3249,PCSDYQEVCWZSZH8V,9542.368
3250,BRAE3TSHUSJJYKM7,2091.1982
3251,PADEHZFHMTEUP8YG,4187.5127
3252,NKCE6UWHWNCNCFQF,3390.5725
3253,MUGE6S9YXRP8MRQC,3811.3328
3254,WATECKYCCMXUQQMS,5881.0327
3255,SHOEJNY2X4CUEGTM,5591.202
3256,PCSEAKVBCZWH8HDS,9361.373
3257,NKCDV9SXP4JGZDKK,2333.2244
3258,BDSEJTHNGWVGWWQU,2832.4656
3259,BRAEYPGFGBRMAEZA,6990.573
3260,NKCE8RB5WMWAWNHJ,3480.577
3261,BRAECKHZRU4RZKQH,6778.4443
3262,HRCEHF2CDHYWPFVN,5566.331
3263,WATE8PBFJDAEDYFQ,7381.1333
3264,TOPE8QNKRJHBNWNV,4952.502
3265,PBXEAJVRSJFJ2APN,3692.1736
3266,SUDEHYGUFAGB4NYH,5482.9414
3267,JEAEGGDJGFGQXEKV,5373.764
3268,SHTEDCZWPM7F8GAM,4209.259
3269,WATE3NWHWKVDFSDN,1716.368
3270,ACCECHF4VZYHA4XZ,3556.779
3271,PTPDVPEXSANDVSJQ,4188.2417
3272,JEAEGHQYYGDYDBWY,1646.9569
3273,BRAEDSKCYE7BNKZ4,6165.5635
3274,VLBEHHWFMGCMEM4K,846.61066
3275,TOPEHXA27XJFNSGV,2195.5007
3276,ACCEGH6SEMYHF34Y,4344.9478
3277,RNGE7M922VGFBDGG,4607.818
3278,CRTECN2QZ4XUY84U,511.86444
3279,ACBECFGTYJ3E8VHE,5101.786
3280,NKCE38HBJCPPYWKH,771.1733
3281,BRAE7SQFKFNVCTB9,7539.8735
3282,TOPDW7AQKZZHFCZF,4483.377
3283,SHIE9YDH4WHHEXZH,5708.4595
3284,DRPEHYHMEUCSYGKA,4572.19
3285,RNGEHFDYGPHZ3HGA,3167.259
3286,SHOEJVGTSYMHYFBX,3786.0789
3287,ACCEJGH5QTFVXQZT,5475.7104
3288,SHTEJT4D7Y9NTWYZ,1442.9196
3289,TOPEHZPAPFNFEHBG,595.2956
3290,NKCE52CSJEGXP6FR,677.7424
3291,PELEJUCGBEHUGMZF,11374.742
3292,BRAEAREZG4Z6ZFK9,4470.9653
3293,TOPEHTU4FN9KEAHJ,5244.6543
3294,PCSE4FKC73GEKW7W,3210.4978
3295,CLTEGMYW2RWRDH5X,5892.324
3296,ACCEGH6SF89RGZQD,4010.097
3297,NKCEANMPGJAZ7BHE,4455.1924
3298,CRTEA7HAXMYFVGXX,3187.1685
3299,NKCDU4RZQRXJH4JF,1035.2942
3300,MUGEACY8QGADG5VG,5771.5337
3301,PBXEAXGWYNVUUQVY,3257.1548
3302,CRTECN2QVE4KYGWY,2436.323
3303,NSTEJHERS3AKXUCW,4475.954
3304,SHIEC8ASQEPSK7FZ,223.55313
3305,RTRD8FNG6FUTFZQJ,2689.4336
3306,ACCDXFPFEDJCKQJ3,11044.047
3307,BALEGFXZGSRGJKJY,3055.8755
3308,TOPEBQGGJ2C7Y7HZ,6120.236
3309,CAGE6FZSZXFKQHZP,967.0476
3310,TKPEGFWWV9K7PMMD,8228.71
3311,RPEEGGDJN5D8HFRM,4333.909
3312,NKCE6TNZ9YGRGVNF,10934.238
3313,CRTECN2QSGWBHY9F,7119.0522
3314,ACCEAHRFCDZHX2CG,9352.66
3315,BRAE75HSN6B5RA9V,7172.304
3316,TOPE8N3BAE7QWZFY,1100.3025
3317,WSCEFE4RZ8FRPQTD,4264.553
3318,MUGEGWT5RGJJHSGN,5515.5015
3319,MUGEBJ7XHH5AVZV7,3572.702
3320,PCSEC86VAFUTHBPX,8705.553
3321,CRTECN2QUTDWFYGA,2352.1748
3322,NKCE9PFFYZYCKJFB,4961.0557
3323,RNGE864HRQRATXWQ,4352.9673
3324,WATE3GEY74QU9T35,1783.3513
3325,WATE9MVXX3DZ5UKD,3998.717
3326,MUGEBFGFYWQRWYDN,2573.5088
3327,TOPE9KJEYHXXNBGC,2484.1575
3328,TOPECMKVPCH2ZZTY,4862.7036
3329,SGLEGBV8VGCMH77F,4310.169
3330,WATDKB7JW7USDVZ6,2652.5784
3331,TLPEHAKFGFC9QPM4,5296.293
3332,JUMEBKQJUZHCZHHM,2682.242
3333,JWSEEBEEHKG4ZGRG,8608.934
3334,CRTECN2QSUHUEZZD,3758.4229
3335,RNGE7M92NZGZSZJQ,4454.8677
3336,TOPE593EQJA4WW4Z,5368.1685
3337,BRAEDGM2YE58PGPV,3645.6064
3338,PBXEANB7QGWSP25F,1255.2108
3339,BRAEE6YMKGHQ4C4K,3358.9392
3340,TOPDYMSXBMBWVAS4,8273.774
3341,MATEHFNMZVV9HYUV,11380.182
3342,KRTEFG6MGMW4FQXF,875.5031
3343,SNDEE34XM8XB6ZEX,1131.7258
3344,TOPE6HZUKGTFPUFP,6279.1816
3345,TOPE954FF9KJSZZN,4414.696
3346,NKCECGVAZYG6SF5S,392.4844
3347,PBXE4Q7YBMXJ53ZG,2411.7402
3348,ACCEGXDJMWKWYHPP,4408.423
3349,PCSE6X3Y2HSTHBDW,7079.6973
3350,SHIEBZB4U7BKYJTU,3662.9878
3351,NKCEAFC847CUEYZX,1380.1602
3352,CAGE9JEFFUQQNQHW,10632.165
3353,TSHE8Z4HYFUWCVYB,7328.8755
3354,NKCDU4RZURUGSZZ6,3914.3489
3355,SHIEFFFPMFH8SZZM,4042.1116
3356,DIAEJ6Z8BEDTGGYY,4180.4917
3357,RNGEDAK9ZZR8MGY4,6262.812
3358,SNDEHZQ7BSZZJRDT,4966.738
3359,NKCEAP3S6TDGRDVY,10681.005
3360,MUGE8DTSSBPHDZWA,2706.1555
3361,SNDEARQ3EKZNNP4M,12605.988
3362,ACCEGKTTMBKZT7JR,1994.2498
3363,NKCEAVZ3QEWNHQNR,5906.4824
3364,SHTEJRCHC5KESPYX,3439.3682
3365,BBAEJK8Z5UD97GTP,2973.3823
3366,PCSEDUT3FS8UTKJQ,7408.638
3367,BRAE3Y4ZZZJHJVHV,8702.374
3368,PTYEDMT4FRUDXZCP,3420.867
3369,PCSEAH5WZNWYJE8M,8046.9727
3370,BRAEEG6TFTNVFCRM,2522.4163
3371,PACEFVZZ2R8ZE5ZH,3608.5056
3372,TOPDU2HZGVTAAQJW,4581.1787
3373,BRAEBBMQY4T7DFH6,2448.472
3374,TSHEHU5RXEVXH3P7,5578.267
3375,WATECSW5VZSZETGS,4339.847
3376,SGLEGBV7K2MGEGRB,7578.6616
3377,WATDP5NHENJGYYXF,6734.4526
3378,SUDEHYGUYBE5KGMW,4574.9517
3379,RTRDQZ8Z72FRMKGX,144.0628
3380,SHIEAVW5MYGJ4BRR,540.0489
3381,ACCDXH5JXWABF7GH,4074.8264
3382,TOPE8TQDQDHZZY9S,5053.6934
3383,BRAE3TSHXZFRYAZQ,5231.9395
3384,ACCDXFAGYWTHWYGT,1318.5963
3385,SWSEBGYUPTH7GSHE,7052.211
3386,DREE9QSVADZEKNJS,4999.2617
3387,PBXE5CFUTETHWRZH,1919.1865
3388,SHIED78RWUCDPFRH,5930.9727
3389,NKCE69P8PC5VR7NY,3911.6125
3390,WATEHYHNCANKP5VZ,6815.2676
3391,NKCE7PZPRZFYKW3M,3636.4478
3392,CHUEF7C3NGW54VJJ,4210.127
3393,NKCE9Q93CUEMGS46,5175.0547
3394,RTRE2V3Y6FWVHDW5,3584.4744
3395,BRAEE4UZZVMJUGE3,1583.9503
3396,SHIE7G263EDTSDU5,4421.0776
3397,BRAE3TSHRTGMZA44,8089.769
3398,TOPEHWDGQD9NR6QD,1969.1207
3399,NKCEFMZUJEWN3HXY,2246.0762
3400,CBKEHJUH7WPZEEGK,6314.833
3401,CRTECN2QXZUFSGHZ,5264.122
3402,SWSEBHCPAKWKRDPR,9703.616
3403,ACCEAMGZGAQWYYMV,3359.3154
3404,CRTECN2QZGUQPR93,4056.5964
3405,SHOEJBSZ8FS9SNJR,428.3293
3406,BRAE6ZCHV2ZAA9US,3363.0884
3407,SUDEGGB28WWTGFUY,6869.2026
3408,ACCEAHRFFKPGUGGX,4860.6157
3409,BRAEBBMQZDMZAEBV,1229.1376
3410,NKCED6EXXSFZGQP8,201.88556
3411,SHTECN9HFVZYP2V9,3535.285
3412,RTREAX3DGDRSSYFT,1297.3395
3413,RNGE65FGK2TMUC2A,9505.474
3414,ACCEGZ8EWQ7RMZTZ,7154.5923
3415,BRAE4DHZEAPXQVRG,1846.5791
3416,CAGECHKFAMZCKPFT,160.37674
3417,PCSE6SJG9SMAGGHY,3816.4302
3418,SNDE25SG2HRJF9JH,1206.7883
3419,NKCEAVZ3FCDEUZHG,5344.774
3420,ACCEG7AG8EUZRRZY,6333.288
3421,SHOECH3WZHFCVZWU,3990.0496
3422,TOPEAKYKZKRHPMHX,3715.798
3423,NDNEJRAZNQBZQWQK,13121.841
3424,MUGEBFGFDQYJG5TW,5477.0674
3425,BBAE9K7BXFUTDNBK,3827.2046
3426,RTRDYPA4PJHCJCGF,9534.65
3427,TUNE8FWQBS7TVVT7,6225.0547
3428,NKCEGMUABCRGUZPE,3604.8213
3429,RNGE7M92KAQWUBCS,1070.2478
